 0.00000000e+00  1.80000025e+00  0.00000000e+00 
 1.00000000e-12  1.80052599e+00  1.80000000e-03 
 2.00000000e-12  1.80103415e+00  3.60000000e-03 
 4.00000000e-12  1.80201562e+00  7.20000000e-03 
 8.00000000e-12  1.80378454e+00  1.44000000e-02 
 1.60000000e-11  1.80667485e+00  2.88000000e-02 
 3.20000000e-11  1.81062210e+00  5.76000000e-02 
 6.40000000e-11  1.81464360e+00  1.15200000e-01 
 1.28000000e-10  1.81782686e+00  2.30400000e-01 
 2.28000000e-10  1.82172670e+00  4.10400000e-01 
 3.28000000e-10  1.82778940e+00  5.90400000e-01 
 4.28000000e-10  1.82280210e+00  7.70400000e-01 
 5.28000000e-10  1.70614456e+00  9.50400000e-01 
 6.28000000e-10  1.22583866e+00  1.13040000e+00 
 7.28000000e-10  3.76092848e-01  1.31040000e+00 
 8.28000000e-10 -1.62192702e-02  1.49040000e+00 
 9.28000000e-10  1.60428535e-02  1.67040000e+00 
 1.00000000e-09  2.29486220e-03  1.80000000e+00 
 1.01000000e-09  1.36358472e-03  1.80000000e+00 
 1.03000000e-09  2.55922009e-04  1.80000000e+00 
 1.07000000e-09 -4.03450798e-05  1.80000000e+00 
 1.15000000e-09  1.91249039e-05  1.80000000e+00 
 1.25000000e-09 -1.05394297e-05  1.80000000e+00 
 1.35000000e-09  5.86452824e-06  1.80000000e+00 
 1.45000000e-09 -3.22260201e-06  1.80000000e+00 
 1.55000000e-09  1.80246194e-06  1.80000000e+00 
 1.65000000e-09 -9.73818098e-07  1.80000000e+00 
 1.75000000e-09  5.65566666e-07  1.80000000e+00 
 1.85000000e-09 -2.92178739e-07  1.80000000e+00 
 1.95000000e-09  1.79126543e-07  1.80000000e+00 
 2.05000000e-09 -8.34451753e-08  1.80000000e+00 
 2.15000000e-09  6.07888054e-08  1.80000000e+00 
 2.25000000e-09 -1.95257661e-08  1.80000000e+00 
 2.35000000e-09  2.45507575e-08  1.80000000e+00 
 2.45000000e-09  4.79871073e-11  1.80000000e+00 
 2.55000000e-09  1.33593645e-08  1.80000000e+00 
 2.65000000e-09  5.99460158e-09  1.80000000e+00 
 2.75000000e-09  1.01026720e-08  1.80000000e+00 
 2.85000000e-09  7.77814842e-09  1.80000000e+00 
 2.95000000e-09  9.12589923e-09  1.80000000e+00 
 3.05000000e-09  8.31308825e-09  1.80000000e+00 
 3.15000000e-09  8.83293097e-09  1.80000000e+00 
 3.25000000e-09  8.47353973e-09  1.80000000e+00 
 3.35000000e-09  8.74505273e-09  1.80000000e+00 
 3.45000000e-09  8.52167310e-09  1.80000000e+00 
 3.55000000e-09  8.71868594e-09  1.80000000e+00 
 3.65000000e-09  8.53611923e-09  1.80000000e+00 
 3.75000000e-09  8.71076815e-09  1.80000000e+00 
 3.85000000e-09  8.54046180e-09  1.80000000e+00 
 3.95000000e-09  8.70838346e-09  1.80000000e+00 
 4.05000000e-09  8.54177423e-09  1.80000000e+00 
 4.15000000e-09  8.70765853e-09  1.80000000e+00 
 4.25000000e-09  8.54217759e-09  1.80000000e+00 
 4.35000000e-09  8.70743129e-09  1.80000000e+00 
 4.45000000e-09  8.54230830e-09  1.80000000e+00 
 4.55000000e-09  8.70735321e-09  1.80000000e+00 
 4.65000000e-09  8.54235741e-09  1.80000000e+00 
 4.75000000e-09  8.70732006e-09  1.80000000e+00 
 4.85000000e-09  8.54238202e-09  1.80000000e+00 
 4.95000000e-09  8.70730015e-09  1.80000000e+00 
 5.05000000e-09  8.54239929e-09  1.80000000e+00 
 5.15000000e-09  8.70728432e-09  1.80000000e+00 
 5.25000000e-09  8.54241416e-09  1.80000000e+00 
 5.35000000e-09  8.70726981e-09  1.80000000e+00 
 5.45000000e-09  8.54242858e-09  1.80000000e+00 
 5.55000000e-09  8.70725559e-09  1.80000000e+00 
 5.65000000e-09  8.54244271e-09  1.80000000e+00 
 5.75000000e-09  8.70724147e-09  1.80000000e+00 
 5.85000000e-09  8.54245681e-09  1.80000000e+00 
 5.95000000e-09  8.70722734e-09  1.80000000e+00 
 6.05000000e-09  8.54247091e-09  1.80000000e+00 
 6.15000000e-09  8.70721339e-09  1.80000000e+00 
 6.25000000e-09  8.54248488e-09  1.80000000e+00 
 6.35000000e-09  8.70719932e-09  1.80000000e+00 
 6.45000000e-09  8.54249902e-09  1.80000000e+00 
 6.55000000e-09  8.70718516e-09  1.80000000e+00 
 6.65000000e-09  8.54251304e-09  1.80000000e+00 
 6.75000000e-09  8.70717117e-09  1.80000000e+00 
 6.85000000e-09  8.54252702e-09  1.80000000e+00 
 6.95000000e-09  8.70715719e-09  1.80000000e+00 
 7.05000000e-09  8.54254102e-09  1.80000000e+00 
 7.15000000e-09  8.70714314e-09  1.80000000e+00 
 7.25000000e-09  8.54255507e-09  1.80000000e+00 
 7.35000000e-09  8.70712914e-09  1.80000000e+00 
 7.45000000e-09  8.54256902e-09  1.80000000e+00 
 7.55000000e-09  8.70711507e-09  1.80000000e+00 
 7.65000000e-09  8.54258322e-09  1.80000000e+00 
 7.75000000e-09  8.70710113e-09  1.80000000e+00 
 7.85000000e-09  8.54259715e-09  1.80000000e+00 
 7.95000000e-09  8.70708698e-09  1.80000000e+00 
 8.05000000e-09  8.54261114e-09  1.80000000e+00 
 8.15000000e-09  8.70707302e-09  1.80000000e+00 
 8.25000000e-09  8.54262522e-09  1.80000000e+00 
 8.35000000e-09  8.70705900e-09  1.80000000e+00 
 8.45000000e-09  8.54263917e-09  1.80000000e+00 
 8.55000000e-09  8.70704508e-09  1.80000000e+00 
 8.65000000e-09  8.54265313e-09  1.80000000e+00 
 8.75000000e-09  8.70703096e-09  1.80000000e+00 
 8.85000000e-09  8.54266725e-09  1.80000000e+00 
 8.95000000e-09  8.70701692e-09  1.80000000e+00 
 9.05000000e-09  8.54268127e-09  1.80000000e+00 
 9.15000000e-09  8.70700291e-09  1.80000000e+00 
 9.25000000e-09  8.54269538e-09  1.80000000e+00 
 9.35000000e-09  8.70698885e-09  1.80000000e+00 
 9.45000000e-09  8.54270944e-09  1.80000000e+00 
 9.55000000e-09  8.70697489e-09  1.80000000e+00 
 9.65000000e-09  8.54272331e-09  1.80000000e+00 
 9.75000000e-09  8.70696087e-09  1.80000000e+00 
 9.85000000e-09  8.54273736e-09  1.80000000e+00 
 9.95000000e-09  8.70694689e-09  1.80000000e+00 
 1.00500000e-08  8.54275132e-09  1.80000000e+00 
 1.01500000e-08  8.70693297e-09  1.80000000e+00 
 1.02500000e-08  8.54276543e-09  1.80000000e+00 
 1.03500000e-08  8.70691890e-09  1.80000000e+00 
 1.04500000e-08  8.54277936e-09  1.80000000e+00 
 1.05500000e-08  8.70690490e-09  1.80000000e+00 
 1.06500000e-08  8.54279341e-09  1.80000000e+00 
 1.07500000e-08  8.70689082e-09  1.80000000e+00 
 1.08500000e-08  8.54280742e-09  1.80000000e+00 
 1.09500000e-08  8.70687686e-09  1.80000000e+00 
 1.10000000e-08  8.54282834e-09  1.80000000e+00 
 1.10100000e-08 -2.30699716e-03  1.78200000e+00 
 1.10300000e-08 -5.07572500e-03  1.74600000e+00 
 1.10700000e-08 -6.04521812e-03  1.67400000e+00 
 1.11500000e-08 -6.68994496e-03  1.53000000e+00 
 1.12500000e-08 -8.35133732e-03  1.35000000e+00 
 1.13500000e-08 -1.19813758e-02  1.17000000e+00 
 1.14500000e-08 -1.89800404e-02  9.90000000e-01 
 1.15500000e-08  8.50677868e-04  8.10000000e-01 
 1.16500000e-08  1.85549042e-01  6.30000000e-01 
 1.17500000e-08  6.79285821e-01  4.50000000e-01 
 1.18500000e-08  1.41973400e+00  2.70000000e-01 
 1.19500000e-08  1.77106163e+00  9.00000000e-02 
 1.20000000e-08  1.78227977e+00  0.00000000e+00 
 1.20100000e-08  1.78673215e+00  0.00000000e+00 
 1.20300000e-08  1.79340106e+00  0.00000000e+00 
 1.20700000e-08  1.79871021e+00  0.00000000e+00 
 1.21500000e-08  1.80019596e+00  0.00000000e+00 
 1.22500000e-08  1.79994599e+00  0.00000000e+00 
 1.23500000e-08  1.80001407e+00  0.00000000e+00 
 1.24500000e-08  1.79999610e+00  0.00000000e+00 
 1.25500000e-08  1.80000100e+00  0.00000000e+00 
 1.26500000e-08  1.79999970e+00  0.00000000e+00 
 1.27500000e-08  1.80000005e+00  0.00000000e+00 
 1.28500000e-08  1.79999997e+00  0.00000000e+00 
 1.29500000e-08  1.79999999e+00  0.00000000e+00 
 1.30500000e-08  1.79999998e+00  0.00000000e+00 
 1.31500000e-08  1.79999998e+00  0.00000000e+00 
 1.32500000e-08  1.79999998e+00  0.00000000e+00 
 1.33500000e-08  1.79999998e+00  0.00000000e+00 
 1.34500000e-08  1.79999998e+00  0.00000000e+00 
 1.35500000e-08  1.79999998e+00  0.00000000e+00 
 1.36500000e-08  1.79999998e+00  0.00000000e+00 
 1.37500000e-08  1.79999998e+00  0.00000000e+00 
 1.38500000e-08  1.79999998e+00  0.00000000e+00 
 1.39500000e-08  1.79999998e+00  0.00000000e+00 
 1.40500000e-08  1.79999998e+00  0.00000000e+00 
 1.41500000e-08  1.79999998e+00  0.00000000e+00 
 1.42500000e-08  1.79999998e+00  0.00000000e+00 
 1.43500000e-08  1.79999998e+00  0.00000000e+00 
 1.44500000e-08  1.79999998e+00  0.00000000e+00 
 1.45500000e-08  1.79999998e+00  0.00000000e+00 
 1.46500000e-08  1.79999998e+00  0.00000000e+00 
 1.47500000e-08  1.79999998e+00  0.00000000e+00 
 1.48500000e-08  1.79999998e+00  0.00000000e+00 
 1.49500000e-08  1.79999998e+00  0.00000000e+00 
 1.50500000e-08  1.79999998e+00  0.00000000e+00 
 1.51500000e-08  1.79999998e+00  0.00000000e+00 
 1.52500000e-08  1.79999998e+00  0.00000000e+00 
 1.53500000e-08  1.79999998e+00  0.00000000e+00 
 1.54500000e-08  1.79999998e+00  0.00000000e+00 
 1.55500000e-08  1.79999998e+00  0.00000000e+00 
 1.56500000e-08  1.79999998e+00  0.00000000e+00 
 1.57500000e-08  1.79999998e+00  0.00000000e+00 
 1.58500000e-08  1.79999998e+00  0.00000000e+00 
 1.59500000e-08  1.79999998e+00  0.00000000e+00 
 1.60500000e-08  1.79999998e+00  0.00000000e+00 
 1.61500000e-08  1.79999998e+00  0.00000000e+00 
 1.62500000e-08  1.79999998e+00  0.00000000e+00 
 1.63500000e-08  1.79999998e+00  0.00000000e+00 
 1.64500000e-08  1.79999998e+00  0.00000000e+00 
 1.65500000e-08  1.79999998e+00  0.00000000e+00 
 1.66500000e-08  1.79999998e+00  0.00000000e+00 
 1.67500000e-08  1.79999998e+00  0.00000000e+00 
 1.68500000e-08  1.79999998e+00  0.00000000e+00 
 1.69500000e-08  1.79999998e+00  0.00000000e+00 
 1.70500000e-08  1.79999998e+00  0.00000000e+00 
 1.71500000e-08  1.79999998e+00  0.00000000e+00 
 1.72500000e-08  1.79999998e+00  0.00000000e+00 
 1.73500000e-08  1.79999998e+00  0.00000000e+00 
 1.74500000e-08  1.79999998e+00  0.00000000e+00 
 1.75500000e-08  1.79999998e+00  0.00000000e+00 
 1.76500000e-08  1.79999998e+00  0.00000000e+00 
 1.77500000e-08  1.79999998e+00  0.00000000e+00 
 1.78500000e-08  1.79999998e+00  0.00000000e+00 
 1.79500000e-08  1.79999998e+00  0.00000000e+00 
 1.80500000e-08  1.79999998e+00  0.00000000e+00 
 1.81500000e-08  1.79999998e+00  0.00000000e+00 
 1.82500000e-08  1.79999998e+00  0.00000000e+00 
 1.83500000e-08  1.79999998e+00  0.00000000e+00 
 1.84500000e-08  1.79999998e+00  0.00000000e+00 
 1.85500000e-08  1.79999998e+00  0.00000000e+00 
 1.86500000e-08  1.79999998e+00  0.00000000e+00 
 1.87500000e-08  1.79999998e+00  0.00000000e+00 
 1.88500000e-08  1.79999998e+00  0.00000000e+00 
 1.89500000e-08  1.79999998e+00  0.00000000e+00 
 1.90500000e-08  1.79999998e+00  0.00000000e+00 
 1.91500000e-08  1.79999998e+00  0.00000000e+00 
 1.92500000e-08  1.79999998e+00  0.00000000e+00 
 1.93500000e-08  1.79999998e+00  0.00000000e+00 
 1.94500000e-08  1.79999998e+00  0.00000000e+00 
 1.95500000e-08  1.79999998e+00  0.00000000e+00 
 1.96500000e-08  1.79999998e+00  0.00000000e+00 
 1.97500000e-08  1.79999998e+00  0.00000000e+00 
 1.98500000e-08  1.79999998e+00  0.00000000e+00 
 1.99500000e-08  1.79999998e+00  0.00000000e+00 
 2.00000000e-08  1.79999998e+00  0.00000000e+00 
 2.00100000e-08  1.80402999e+00  1.80000000e-02 
 2.00300000e-08  1.81005929e+00  5.40000000e-02 
 2.00700000e-08  1.81519249e+00  1.26000000e-01 
 2.01500000e-08  1.81865550e+00  2.70000000e-01 
 2.02500000e-08  1.82284566e+00  4.50000000e-01 
 2.03500000e-08  1.82906971e+00  6.30000000e-01 
 2.04500000e-08  1.81349030e+00  8.10000000e-01 
 2.05500000e-08  1.63702903e+00  9.90000000e-01 
 2.06500000e-08  1.06033009e+00  1.17000000e+00 
 2.07500000e-08  2.42620682e-01  1.35000000e+00 
 2.08500000e-08 -3.03779329e-02  1.53000000e+00 
 2.09500000e-08  2.22978561e-02  1.71000000e+00 
 2.10000000e-08  2.30057388e-03  1.80000000e+00 
 2.10100000e-08  1.36689237e-03  1.80000000e+00 
 2.10300000e-08  2.56543911e-04  1.80000000e+00 
 2.10700000e-08 -4.04430378e-05  1.80000000e+00 
 2.11500000e-08  1.91712936e-05  1.80000000e+00 
 2.12500000e-08 -1.05650132e-05  1.80000000e+00 
 2.13500000e-08  5.87871841e-06  1.80000000e+00 
 2.14500000e-08 -3.23041895e-06  1.80000000e+00 
 2.15500000e-08  1.80678867e-06  1.80000000e+00 
 2.16500000e-08 -9.76173966e-07  1.80000000e+00 
 2.17500000e-08  5.66890690e-07  1.80000000e+00 
 2.18500000e-08 -2.92879466e-07  1.80000000e+00 
 2.19500000e-08  1.79512235e-07  1.80000000e+00 
 2.20500000e-08 -8.36390685e-08  1.80000000e+00 
 2.21500000e-08  6.08871601e-08  1.80000000e+00 
 2.22500000e-08 -1.95644575e-08  1.80000000e+00 
 2.23500000e-08  2.45611249e-08  1.80000000e+00 
 2.24500000e-08  5.68192103e-11  1.80000000e+00 
 2.25500000e-08  1.33408344e-08  1.80000000e+00 
 2.26500000e-08  6.01844176e-09  1.80000000e+00 
 2.27500000e-08  1.00759247e-08  1.80000000e+00 
 2.28500000e-08  7.80648677e-09  1.80000000e+00 
 2.29500000e-08  9.09669066e-09  1.80000000e+00 
 2.30500000e-08  8.34277253e-09  1.80000000e+00 
 2.31500000e-08  8.80298733e-09  1.80000000e+00 
 2.32500000e-08  8.50362470e-09  1.80000000e+00 
 2.33500000e-08  8.71489158e-09  1.80000000e+00 
 2.34500000e-08  8.55187489e-09  1.80000000e+00 
 2.35500000e-08  8.68846286e-09  1.80000000e+00 
 2.36500000e-08  8.56635311e-09  1.80000000e+00 
 2.37500000e-08  8.68052947e-09  1.80000000e+00 
 2.38500000e-08  8.57070214e-09  1.80000000e+00 
 2.39500000e-08  8.67814329e-09  1.80000000e+00 
 2.40500000e-08  8.57201333e-09  1.80000000e+00 
 2.41500000e-08  8.67742092e-09  1.80000000e+00 
 2.42500000e-08  8.57241320e-09  1.80000000e+00 
 2.43500000e-08  8.67719748e-09  1.80000000e+00 
 2.44500000e-08  8.57253992e-09  1.80000000e+00 
 2.45500000e-08  8.67712386e-09  1.80000000e+00 
 2.46500000e-08  8.57258475e-09  1.80000000e+00 
 2.47500000e-08  8.67709487e-09  1.80000000e+00 
 2.48500000e-08  8.57260483e-09  1.80000000e+00 
 2.49500000e-08  8.67707942e-09  1.80000000e+00 
 2.50500000e-08  8.57261759e-09  1.80000000e+00 
 2.51500000e-08  8.67706813e-09  1.80000000e+00 
 2.52500000e-08  8.57262812e-09  1.80000000e+00 
 2.53500000e-08  8.67705813e-09  1.80000000e+00 
 2.54500000e-08  8.57263798e-09  1.80000000e+00 
 2.55500000e-08  8.67704842e-09  1.80000000e+00 
 2.56500000e-08  8.57264770e-09  1.80000000e+00 
 2.57500000e-08  8.67703879e-09  1.80000000e+00 
 2.58500000e-08  8.57265725e-09  1.80000000e+00 
 2.59500000e-08  8.67702908e-09  1.80000000e+00 
 2.60500000e-08  8.57266696e-09  1.80000000e+00 
 2.61500000e-08  8.67701944e-09  1.80000000e+00 
 2.62500000e-08  8.57267664e-09  1.80000000e+00 
 2.63500000e-08  8.67700985e-09  1.80000000e+00 
 2.64500000e-08  8.57268609e-09  1.80000000e+00 
 2.65500000e-08  8.67700029e-09  1.80000000e+00 
 2.66500000e-08  8.57269567e-09  1.80000000e+00 
 2.67500000e-08  8.67699080e-09  1.80000000e+00 
 2.68500000e-08  8.57270528e-09  1.80000000e+00 
 2.69500000e-08  8.67698113e-09  1.80000000e+00 
 2.70500000e-08  8.57271490e-09  1.80000000e+00 
 2.71500000e-08  8.67697151e-09  1.80000000e+00 
 2.72500000e-08  8.57272440e-09  1.80000000e+00 
 2.73500000e-08  8.67696190e-09  1.80000000e+00 
 2.74500000e-08  8.57273413e-09  1.80000000e+00 
 2.75500000e-08  8.67695223e-09  1.80000000e+00 
 2.76500000e-08  8.57274373e-09  1.80000000e+00 
 2.77500000e-08  8.67694286e-09  1.80000000e+00 
 2.78500000e-08  8.57275323e-09  1.80000000e+00 
 2.79500000e-08  8.67693312e-09  1.80000000e+00 
 2.80500000e-08  8.57276291e-09  1.80000000e+00 
 2.81500000e-08  8.67692356e-09  1.80000000e+00 
 2.82500000e-08  8.57277249e-09  1.80000000e+00 
 2.83500000e-08  8.67691402e-09  1.80000000e+00 
 2.84500000e-08  8.57278195e-09  1.80000000e+00 
 2.85500000e-08  8.67690450e-09  1.80000000e+00 
 2.86500000e-08  8.57279161e-09  1.80000000e+00 
 2.87500000e-08  8.67689485e-09  1.80000000e+00 
 2.88500000e-08  8.57280105e-09  1.80000000e+00 
 2.89500000e-08  8.67688521e-09  1.80000000e+00 
 2.90500000e-08  8.57281071e-09  1.80000000e+00 
 2.91500000e-08  8.67687573e-09  1.80000000e+00 
 2.92500000e-08  8.57282027e-09  1.80000000e+00 
 2.93500000e-08  8.67686608e-09  1.80000000e+00 
 2.94500000e-08  8.57282993e-09  1.80000000e+00 
 2.95500000e-08  8.67685647e-09  1.80000000e+00 
 2.96500000e-08  8.57283949e-09  1.80000000e+00 
 2.97500000e-08  8.67684696e-09  1.80000000e+00 
 2.98500000e-08  8.57284901e-09  1.80000000e+00 
 2.99500000e-08  8.67683736e-09  1.80000000e+00 
 3.00500000e-08  8.57285858e-09  1.80000000e+00 
 3.01500000e-08  8.67682782e-09  1.80000000e+00 
 3.02500000e-08  8.57286827e-09  1.80000000e+00 
 3.03500000e-08  8.67681820e-09  1.80000000e+00 
 3.04500000e-08  8.57287760e-09  1.80000000e+00 
 3.05500000e-08  8.67680878e-09  1.80000000e+00 
 3.06500000e-08  8.57288724e-09  1.80000000e+00 
 3.07500000e-08  8.67679921e-09  1.80000000e+00 
 3.08500000e-08  8.57289681e-09  1.80000000e+00 
 3.09500000e-08  8.67678951e-09  1.80000000e+00 
 3.10000000e-08  8.57291128e-09  1.80000000e+00 
 3.10100000e-08 -2.30699716e-03  1.78200000e+00 
 3.10300000e-08 -5.07572500e-03  1.74600000e+00 
 3.10700000e-08 -6.04521812e-03  1.67400000e+00 
 3.11500000e-08 -6.68994496e-03  1.53000000e+00 
 3.12500000e-08 -8.35133732e-03  1.35000000e+00 
 3.13500000e-08 -1.19813758e-02  1.17000000e+00 
 3.14500000e-08 -1.89800404e-02  9.90000000e-01 
 3.15500000e-08  8.50677868e-04  8.10000000e-01 
 3.16500000e-08  1.85549042e-01  6.30000000e-01 
 3.17500000e-08  6.79285821e-01  4.50000000e-01 
 3.18500000e-08  1.41973400e+00  2.70000000e-01 
 3.19500000e-08  1.77106163e+00  9.00000000e-02 
 3.20000000e-08  1.78227977e+00  0.00000000e+00 
 3.20100000e-08  1.78673215e+00  0.00000000e+00 
 3.20300000e-08  1.79340106e+00  0.00000000e+00 
 3.20700000e-08  1.79871021e+00  0.00000000e+00 
 3.21500000e-08  1.80019596e+00  0.00000000e+00 
 3.22500000e-08  1.79994599e+00  0.00000000e+00 
 3.23500000e-08  1.80001407e+00  0.00000000e+00 
 3.24500000e-08  1.79999610e+00  0.00000000e+00 
 3.25500000e-08  1.80000100e+00  0.00000000e+00 
 3.26500000e-08  1.79999970e+00  0.00000000e+00 
 3.27500000e-08  1.80000005e+00  0.00000000e+00 
 3.28500000e-08  1.79999997e+00  0.00000000e+00 
 3.29500000e-08  1.79999999e+00  0.00000000e+00 
 3.30500000e-08  1.79999998e+00  0.00000000e+00 
 3.31500000e-08  1.79999998e+00  0.00000000e+00 
 3.32500000e-08  1.79999998e+00  0.00000000e+00 
 3.33500000e-08  1.79999998e+00  0.00000000e+00 
 3.34500000e-08  1.79999998e+00  0.00000000e+00 
 3.35500000e-08  1.79999998e+00  0.00000000e+00 
 3.36500000e-08  1.79999998e+00  0.00000000e+00 
 3.37500000e-08  1.79999998e+00  0.00000000e+00 
 3.38500000e-08  1.79999998e+00  0.00000000e+00 
 3.39500000e-08  1.79999998e+00  0.00000000e+00 
 3.40500000e-08  1.79999998e+00  0.00000000e+00 
 3.41500000e-08  1.79999998e+00  0.00000000e+00 
 3.42500000e-08  1.79999998e+00  0.00000000e+00 
 3.43500000e-08  1.79999998e+00  0.00000000e+00 
 3.44500000e-08  1.79999998e+00  0.00000000e+00 
 3.45500000e-08  1.79999998e+00  0.00000000e+00 
 3.46500000e-08  1.79999998e+00  0.00000000e+00 
 3.47500000e-08  1.79999998e+00  0.00000000e+00 
 3.48500000e-08  1.79999998e+00  0.00000000e+00 
 3.49500000e-08  1.79999998e+00  0.00000000e+00 
 3.50500000e-08  1.79999998e+00  0.00000000e+00 
 3.51500000e-08  1.79999998e+00  0.00000000e+00 
 3.52500000e-08  1.79999998e+00  0.00000000e+00 
 3.53500000e-08  1.79999998e+00  0.00000000e+00 
 3.54500000e-08  1.79999998e+00  0.00000000e+00 
 3.55500000e-08  1.79999998e+00  0.00000000e+00 
 3.56500000e-08  1.79999998e+00  0.00000000e+00 
 3.57500000e-08  1.79999998e+00  0.00000000e+00 
 3.58500000e-08  1.79999998e+00  0.00000000e+00 
 3.59500000e-08  1.79999998e+00  0.00000000e+00 
 3.60500000e-08  1.79999998e+00  0.00000000e+00 
 3.61500000e-08  1.79999998e+00  0.00000000e+00 
 3.62500000e-08  1.79999998e+00  0.00000000e+00 
 3.63500000e-08  1.79999998e+00  0.00000000e+00 
 3.64500000e-08  1.79999998e+00  0.00000000e+00 
 3.65500000e-08  1.79999998e+00  0.00000000e+00 
 3.66500000e-08  1.79999998e+00  0.00000000e+00 
 3.67500000e-08  1.79999998e+00  0.00000000e+00 
 3.68500000e-08  1.79999998e+00  0.00000000e+00 
 3.69500000e-08  1.79999998e+00  0.00000000e+00 
 3.70500000e-08  1.79999998e+00  0.00000000e+00 
 3.71500000e-08  1.79999998e+00  0.00000000e+00 
 3.72500000e-08  1.79999998e+00  0.00000000e+00 
 3.73500000e-08  1.79999998e+00  0.00000000e+00 
 3.74500000e-08  1.79999998e+00  0.00000000e+00 
 3.75500000e-08  1.79999998e+00  0.00000000e+00 
 3.76500000e-08  1.79999998e+00  0.00000000e+00 
 3.77500000e-08  1.79999998e+00  0.00000000e+00 
 3.78500000e-08  1.79999998e+00  0.00000000e+00 
 3.79500000e-08  1.79999998e+00  0.00000000e+00 
 3.80500000e-08  1.79999998e+00  0.00000000e+00 
 3.81500000e-08  1.79999998e+00  0.00000000e+00 
 3.82500000e-08  1.79999998e+00  0.00000000e+00 
 3.83500000e-08  1.79999998e+00  0.00000000e+00 
 3.84500000e-08  1.79999998e+00  0.00000000e+00 
 3.85500000e-08  1.79999998e+00  0.00000000e+00 
 3.86500000e-08  1.79999998e+00  0.00000000e+00 
 3.87500000e-08  1.79999998e+00  0.00000000e+00 
 3.88500000e-08  1.79999998e+00  0.00000000e+00 
 3.89500000e-08  1.79999998e+00  0.00000000e+00 
 3.90500000e-08  1.79999998e+00  0.00000000e+00 
 3.91500000e-08  1.79999998e+00  0.00000000e+00 
 3.92500000e-08  1.79999998e+00  0.00000000e+00 
 3.93500000e-08  1.79999998e+00  0.00000000e+00 
 3.94500000e-08  1.79999998e+00  0.00000000e+00 
 3.95500000e-08  1.79999998e+00  0.00000000e+00 
 3.96500000e-08  1.79999998e+00  0.00000000e+00 
 3.97500000e-08  1.79999998e+00  0.00000000e+00 
 3.98500000e-08  1.79999998e+00  0.00000000e+00 
 3.99500000e-08  1.79999998e+00  0.00000000e+00 
 4.00000000e-08  1.79999998e+00  0.00000000e+00 
 4.00100000e-08  1.80402999e+00  1.80000000e-02 
 4.00300000e-08  1.81005929e+00  5.40000000e-02 
 4.00700000e-08  1.81519249e+00  1.26000000e-01 
 4.01500000e-08  1.81865550e+00  2.70000000e-01 
 4.02500000e-08  1.82284566e+00  4.50000000e-01 
 4.03500000e-08  1.82906971e+00  6.30000000e-01 
 4.04500000e-08  1.81349030e+00  8.10000000e-01 
 4.05500000e-08  1.63702903e+00  9.90000000e-01 
 4.06500000e-08  1.06033009e+00  1.17000000e+00 
 4.07500000e-08  2.42620682e-01  1.35000000e+00 
 4.08500000e-08 -3.03779329e-02  1.53000000e+00 
 4.09500000e-08  2.22978561e-02  1.71000000e+00 
 4.10000000e-08  2.30057388e-03  1.80000000e+00 
 4.10100000e-08  1.36689237e-03  1.80000000e+00 
 4.10300000e-08  2.56543911e-04  1.80000000e+00 
 4.10700000e-08 -4.04430378e-05  1.80000000e+00 
 4.11500000e-08  1.91712936e-05  1.80000000e+00 
 4.12500000e-08 -1.05650132e-05  1.80000000e+00 
 4.13500000e-08  5.87871841e-06  1.80000000e+00 
 4.14500000e-08 -3.23041895e-06  1.80000000e+00 
 4.15500000e-08  1.80678867e-06  1.80000000e+00 
 4.16500000e-08 -9.76173966e-07  1.80000000e+00 
 4.17500000e-08  5.66890690e-07  1.80000000e+00 
 4.18500000e-08 -2.92879466e-07  1.80000000e+00 
 4.19500000e-08  1.79512235e-07  1.80000000e+00 
 4.20500000e-08 -8.36390684e-08  1.80000000e+00 
 4.21500000e-08  6.08871600e-08  1.80000000e+00 
 4.22500000e-08 -1.95644575e-08  1.80000000e+00 
 4.23500000e-08  2.45611248e-08  1.80000000e+00 
 4.24500000e-08  5.68192019e-11  1.80000000e+00 
 4.25500000e-08  1.33408345e-08  1.80000000e+00 
 4.26500000e-08  6.01844176e-09  1.80000000e+00 
 4.27500000e-08  1.00759247e-08  1.80000000e+00 
 4.28500000e-08  7.80648675e-09  1.80000000e+00 
 4.29500000e-08  9.09669064e-09  1.80000000e+00 
 4.30500000e-08  8.34277251e-09  1.80000000e+00 
 4.31500000e-08  8.80298736e-09  1.80000000e+00 
 4.32500000e-08  8.50362469e-09  1.80000000e+00 
 4.33500000e-08  8.71489158e-09  1.80000000e+00 
 4.34500000e-08  8.55187489e-09  1.80000000e+00 
 4.35500000e-08  8.68846287e-09  1.80000000e+00 
 4.36500000e-08  8.56635311e-09  1.80000000e+00 
 4.37500000e-08  8.68052947e-09  1.80000000e+00 
 4.38500000e-08  8.57070213e-09  1.80000000e+00 
 4.39500000e-08  8.67814328e-09  1.80000000e+00 
 4.40500000e-08  8.57201333e-09  1.80000000e+00 
 4.41500000e-08  8.67742091e-09  1.80000000e+00 
 4.42500000e-08  8.57241319e-09  1.80000000e+00 
 4.43500000e-08  8.67719748e-09  1.80000000e+00 
 4.44500000e-08  8.57253991e-09  1.80000000e+00 
 4.45500000e-08  8.67712385e-09  1.80000000e+00 
 4.46500000e-08  8.57258475e-09  1.80000000e+00 
 4.47500000e-08  8.67709487e-09  1.80000000e+00 
 4.48500000e-08  8.57260477e-09  1.80000000e+00 
 4.49500000e-08  8.67707947e-09  1.80000000e+00 
 4.50500000e-08  8.57261755e-09  1.80000000e+00 
 4.51500000e-08  8.67706817e-09  1.80000000e+00 
 4.52500000e-08  8.57262811e-09  1.80000000e+00 
 4.53500000e-08  8.67705809e-09  1.80000000e+00 
 4.54500000e-08  8.57263801e-09  1.80000000e+00 
 4.55500000e-08  8.67704839e-09  1.80000000e+00 
 4.56500000e-08  8.57264769e-09  1.80000000e+00 
 4.57500000e-08  8.67703880e-09  1.80000000e+00 
 4.58500000e-08  8.57265725e-09  1.80000000e+00 
 4.59500000e-08  8.67702906e-09  1.80000000e+00 
 4.60500000e-08  8.57266698e-09  1.80000000e+00 
 4.61500000e-08  8.67701943e-09  1.80000000e+00 
 4.62500000e-08  8.57267666e-09  1.80000000e+00 
 4.63500000e-08  8.67700989e-09  1.80000000e+00 
 4.64500000e-08  8.57268614e-09  1.80000000e+00 
 4.65500000e-08  8.67700023e-09  1.80000000e+00 
 4.66500000e-08  8.57269572e-09  1.80000000e+00 
 4.67500000e-08  8.67699078e-09  1.80000000e+00 
 4.68500000e-08  8.57270525e-09  1.80000000e+00 
 4.69500000e-08  8.67698108e-09  1.80000000e+00 
 4.70500000e-08  8.57271494e-09  1.80000000e+00 
 4.71500000e-08  8.67697147e-09  1.80000000e+00 
 4.72500000e-08  8.57272443e-09  1.80000000e+00 
 4.73500000e-08  8.67696187e-09  1.80000000e+00 
 4.74500000e-08  8.57273415e-09  1.80000000e+00 
 4.75500000e-08  8.67695226e-09  1.80000000e+00 
 4.76500000e-08  8.57274367e-09  1.80000000e+00 
 4.77500000e-08  8.67694274e-09  1.80000000e+00 
 4.78500000e-08  8.57275332e-09  1.80000000e+00 
 4.79500000e-08  8.67693310e-09  1.80000000e+00 
 4.80500000e-08  8.57276292e-09  1.80000000e+00 
 4.81500000e-08  8.67692355e-09  1.80000000e+00 
 4.82500000e-08  8.57277250e-09  1.80000000e+00 
 4.83500000e-08  8.67691401e-09  1.80000000e+00 
 4.84500000e-08  8.57278197e-09  1.80000000e+00 
 4.85500000e-08  8.67690449e-09  1.80000000e+00 
 4.86500000e-08  8.57279161e-09  1.80000000e+00 
 4.87500000e-08  8.67689483e-09  1.80000000e+00 
 4.88500000e-08  8.57280105e-09  1.80000000e+00 
 4.89500000e-08  8.67688521e-09  1.80000000e+00 
 4.90500000e-08  8.57281072e-09  1.80000000e+00 
 4.91500000e-08  8.67687573e-09  1.80000000e+00 
 4.92500000e-08  8.57282027e-09  1.80000000e+00 
 4.93500000e-08  8.67686603e-09  1.80000000e+00 
 4.94500000e-08  8.57283000e-09  1.80000000e+00 
 4.95500000e-08  8.67685641e-09  1.80000000e+00 
 4.96500000e-08  8.57283954e-09  1.80000000e+00 
 4.97500000e-08  8.67684692e-09  1.80000000e+00 
 4.98500000e-08  8.57284905e-09  1.80000000e+00 
 4.99500000e-08  8.67683735e-09  1.80000000e+00 
 5.00000000e-08  8.57286337e-09  1.80000000e+00 
