 0.00000000e+00  1.80000034e+00  0.00000000e+00 
 1.00000000e-12  1.80053577e+00  1.80000000e-03 
 2.00000000e-12  1.80104996e+00  3.60000000e-03 
 4.00000000e-12  1.80203670e+00  7.20000000e-03 
 8.00000000e-12  1.80378136e+00  1.44000000e-02 
 1.60000000e-11  1.80653050e+00  2.88000000e-02 
 3.20000000e-11  1.81004758e+00  5.76000000e-02 
 6.40000000e-11  1.81328850e+00  1.15200000e-01 
 1.28000000e-10  1.81580693e+00  2.30400000e-01 
 2.28000000e-10  1.81976020e+00  4.10400000e-01 
 3.28000000e-10  1.82693843e+00  5.90400000e-01 
 4.28000000e-10  1.83513845e+00  7.70400000e-01 
 5.28000000e-10  1.75586676e+00  9.50400000e-01 
 6.28000000e-10  1.29996088e+00  1.13040000e+00 
 7.28000000e-10  3.84667987e-01  1.31040000e+00 
 8.28000000e-10 -2.48706130e-02  1.49040000e+00 
 9.28000000e-10  2.00923863e-02  1.67040000e+00 
 1.00000000e-09 -2.05975127e-03  1.80000000e+00 
 1.01000000e-09 -1.07587459e-03  1.80000000e+00 
 1.03000000e-09 -4.87888355e-05  1.80000000e+00 
 1.07000000e-09  1.41054362e-05  1.80000000e+00 
 1.15000000e-09 -7.92751124e-06  1.80000000e+00 
 1.25000000e-09  5.05918916e-06  1.80000000e+00 
 1.35000000e-09 -3.19889454e-06  1.80000000e+00 
 1.45000000e-09  2.04808787e-06  1.80000000e+00 
 1.55000000e-09 -1.28035169e-06  1.80000000e+00 
 1.65000000e-09  8.39445718e-07  1.80000000e+00 
 1.75000000e-09 -5.12980757e-07  1.80000000e+00 
 1.85000000e-09  3.43021248e-07  1.80000000e+00 
 1.95000000e-09 -2.02981872e-07  1.80000000e+00 
 2.05000000e-09  1.42476486e-07  1.80000000e+00 
 2.15000000e-09 -7.77491937e-08  1.80000000e+00 
 2.25000000e-09  6.14605943e-08  1.80000000e+00 
 2.35000000e-09 -2.71578448e-08  1.80000000e+00 
 2.45000000e-09  2.87318559e-08  1.80000000e+00 
 2.55000000e-09 -6.72000281e-09  1.80000000e+00 
 2.65000000e-09  1.55101348e-08  1.80000000e+00 
 2.75000000e-09  1.53644611e-09  1.80000000e+00 
 2.85000000e-09  1.01221835e-08  1.80000000e+00 
 2.95000000e-09  4.83767896e-09  1.80000000e+00 
 3.05000000e-09  8.04036744e-09  1.80000000e+00 
 3.15000000e-09  6.15050589e-09  1.80000000e+00 
 3.25000000e-09  7.21248101e-09  1.80000000e+00 
 3.35000000e-09  6.67257868e-09  1.80000000e+00 
 3.45000000e-09  6.88326060e-09  1.80000000e+00 
 3.55000000e-09  6.88018238e-09  1.80000000e+00 
 3.65000000e-09  6.75235105e-09  1.80000000e+00 
 3.75000000e-09  6.96272727e-09  1.80000000e+00 
 3.85000000e-09  6.70030615e-09  1.80000000e+00 
 3.95000000e-09  6.99553837e-09  1.80000000e+00 
 4.05000000e-09  6.67962422e-09  1.80000000e+00 
 4.15000000e-09  7.00857116e-09  1.80000000e+00 
 4.25000000e-09  6.67141480e-09  1.80000000e+00 
 4.35000000e-09  7.01373855e-09  1.80000000e+00 
 4.45000000e-09  6.66816582e-09  1.80000000e+00 
 4.55000000e-09  7.01577811e-09  1.80000000e+00 
 4.65000000e-09  6.66688917e-09  1.80000000e+00 
 4.75000000e-09  7.01657369e-09  1.80000000e+00 
 4.85000000e-09  6.66639678e-09  1.80000000e+00 
 4.95000000e-09  7.01687455e-09  1.80000000e+00 
 5.05000000e-09  6.66621663e-09  1.80000000e+00 
 5.15000000e-09  7.01697870e-09  1.80000000e+00 
 5.25000000e-09  6.66616055e-09  1.80000000e+00 
 5.35000000e-09  7.01700452e-09  1.80000000e+00 
 5.45000000e-09  6.66615376e-09  1.80000000e+00 
 5.55000000e-09  7.01699935e-09  1.80000000e+00 
 5.65000000e-09  6.66616653e-09  1.80000000e+00 
 5.75000000e-09  7.01698171e-09  1.80000000e+00 
 5.85000000e-09  6.66618702e-09  1.80000000e+00 
 5.95000000e-09  7.01695935e-09  1.80000000e+00 
 6.05000000e-09  6.66621082e-09  1.80000000e+00 
 6.15000000e-09  7.01693491e-09  1.80000000e+00 
 6.25000000e-09  6.66623574e-09  1.80000000e+00 
 6.35000000e-09  7.01690968e-09  1.80000000e+00 
 6.45000000e-09  6.66626102e-09  1.80000000e+00 
 6.55000000e-09  7.01688419e-09  1.80000000e+00 
 6.65000000e-09  6.66628664e-09  1.80000000e+00 
 6.75000000e-09  7.01685846e-09  1.80000000e+00 
 6.85000000e-09  6.66631237e-09  1.80000000e+00 
 6.95000000e-09  7.01683281e-09  1.80000000e+00 
 7.05000000e-09  6.66633820e-09  1.80000000e+00 
 7.15000000e-09  7.01680711e-09  1.80000000e+00 
 7.25000000e-09  6.66636385e-09  1.80000000e+00 
 7.35000000e-09  7.01678140e-09  1.80000000e+00 
 7.45000000e-09  6.66638957e-09  1.80000000e+00 
 7.55000000e-09  7.01675568e-09  1.80000000e+00 
 7.65000000e-09  6.66641526e-09  1.80000000e+00 
 7.75000000e-09  7.01672994e-09  1.80000000e+00 
 7.85000000e-09  6.66644092e-09  1.80000000e+00 
 7.95000000e-09  7.01670417e-09  1.80000000e+00 
 8.05000000e-09  6.66646653e-09  1.80000000e+00 
 8.15000000e-09  7.01667854e-09  1.80000000e+00 
 8.25000000e-09  6.66649231e-09  1.80000000e+00 
 8.35000000e-09  7.01665282e-09  1.80000000e+00 
 8.45000000e-09  6.66651795e-09  1.80000000e+00 
 8.55000000e-09  7.01662720e-09  1.80000000e+00 
 8.65000000e-09  6.66654366e-09  1.80000000e+00 
 8.75000000e-09  7.01660151e-09  1.80000000e+00 
 8.85000000e-09  6.66656929e-09  1.80000000e+00 
 8.95000000e-09  7.01657585e-09  1.80000000e+00 
 9.05000000e-09  6.66659498e-09  1.80000000e+00 
 9.15000000e-09  7.01655022e-09  1.80000000e+00 
 9.25000000e-09  6.66662077e-09  1.80000000e+00 
 9.35000000e-09  7.01652442e-09  1.80000000e+00 
 9.45000000e-09  6.66664638e-09  1.80000000e+00 
 9.55000000e-09  7.01649885e-09  1.80000000e+00 
 9.65000000e-09  6.66667197e-09  1.80000000e+00 
 9.75000000e-09  7.01647323e-09  1.80000000e+00 
 9.85000000e-09  6.66669769e-09  1.80000000e+00 
 9.95000000e-09  7.01644754e-09  1.80000000e+00 
 1.00500000e-08  6.66672337e-09  1.80000000e+00 
 1.01500000e-08  7.01642174e-09  1.80000000e+00 
 1.02500000e-08  6.66674898e-09  1.80000000e+00 
 1.03500000e-08  7.01639616e-09  1.80000000e+00 
 1.04500000e-08  6.66677470e-09  1.80000000e+00 
 1.05500000e-08  7.01637056e-09  1.80000000e+00 
 1.06500000e-08  6.66680027e-09  1.80000000e+00 
 1.07500000e-08  7.01634492e-09  1.80000000e+00 
 1.08500000e-08  6.66682596e-09  1.80000000e+00 
 1.09500000e-08  7.01631915e-09  1.80000000e+00 
 1.10000000e-08  6.66686448e-09  1.80000000e+00 
 1.10100000e-08 -2.11561964e-03  1.78200000e+00 
 1.10300000e-08 -4.39430528e-03  1.74600000e+00 
 1.10700000e-08 -4.79684006e-03  1.67400000e+00 
 1.11500000e-08 -5.38152679e-03  1.53000000e+00 
 1.12500000e-08 -6.68767282e-03  1.35000000e+00 
 1.13500000e-08 -9.39184949e-03  1.17000000e+00 
 1.14500000e-08 -1.81306400e-02  9.90000000e-01 
 1.15500000e-08 -2.18950776e-02  8.10000000e-01 
 1.16500000e-08  1.11601916e-01  6.30000000e-01 
 1.17500000e-08  5.62934135e-01  4.50000000e-01 
 1.18500000e-08  1.36722589e+00  2.70000000e-01 
 1.19500000e-08  1.77665800e+00  9.00000000e-02 
 1.20000000e-08  1.78561508e+00  0.00000000e+00 
 1.20100000e-08  1.78972215e+00  0.00000000e+00 
 1.20300000e-08  1.79559185e+00  0.00000000e+00 
 1.20700000e-08  1.79951381e+00  0.00000000e+00 
 1.21500000e-08  1.80011536e+00  0.00000000e+00 
 1.22500000e-08  1.79995931e+00  0.00000000e+00 
 1.23500000e-08  1.80001386e+00  0.00000000e+00 
 1.24500000e-08  1.79999509e+00  0.00000000e+00 
 1.25500000e-08  1.80000166e+00  0.00000000e+00 
 1.26500000e-08  1.79999940e+00  0.00000000e+00 
 1.27500000e-08  1.80000018e+00  0.00000000e+00 
 1.28500000e-08  1.79999991e+00  0.00000000e+00 
 1.29500000e-08  1.80000001e+00  0.00000000e+00 
 1.30500000e-08  1.79999998e+00  0.00000000e+00 
 1.31500000e-08  1.79999999e+00  0.00000000e+00 
 1.32500000e-08  1.79999999e+00  0.00000000e+00 
 1.33500000e-08  1.79999999e+00  0.00000000e+00 
 1.34500000e-08  1.79999999e+00  0.00000000e+00 
 1.35500000e-08  1.79999999e+00  0.00000000e+00 
 1.36500000e-08  1.79999999e+00  0.00000000e+00 
 1.37500000e-08  1.79999999e+00  0.00000000e+00 
 1.38500000e-08  1.79999999e+00  0.00000000e+00 
 1.39500000e-08  1.79999999e+00  0.00000000e+00 
 1.40500000e-08  1.79999999e+00  0.00000000e+00 
 1.41500000e-08  1.79999999e+00  0.00000000e+00 
 1.42500000e-08  1.79999999e+00  0.00000000e+00 
 1.43500000e-08  1.79999999e+00  0.00000000e+00 
 1.44500000e-08  1.79999999e+00  0.00000000e+00 
 1.45500000e-08  1.79999999e+00  0.00000000e+00 
 1.46500000e-08  1.79999999e+00  0.00000000e+00 
 1.47500000e-08  1.79999999e+00  0.00000000e+00 
 1.48500000e-08  1.79999999e+00  0.00000000e+00 
 1.49500000e-08  1.79999999e+00  0.00000000e+00 
 1.50500000e-08  1.79999999e+00  0.00000000e+00 
 1.51500000e-08  1.79999999e+00  0.00000000e+00 
 1.52500000e-08  1.79999999e+00  0.00000000e+00 
 1.53500000e-08  1.79999999e+00  0.00000000e+00 
 1.54500000e-08  1.79999999e+00  0.00000000e+00 
 1.55500000e-08  1.79999999e+00  0.00000000e+00 
 1.56500000e-08  1.79999999e+00  0.00000000e+00 
 1.57500000e-08  1.79999999e+00  0.00000000e+00 
 1.58500000e-08  1.79999999e+00  0.00000000e+00 
 1.59500000e-08  1.79999999e+00  0.00000000e+00 
 1.60500000e-08  1.79999999e+00  0.00000000e+00 
 1.61500000e-08  1.79999999e+00  0.00000000e+00 
 1.62500000e-08  1.79999999e+00  0.00000000e+00 
 1.63500000e-08  1.79999999e+00  0.00000000e+00 
 1.64500000e-08  1.79999999e+00  0.00000000e+00 
 1.65500000e-08  1.79999999e+00  0.00000000e+00 
 1.66500000e-08  1.79999999e+00  0.00000000e+00 
 1.67500000e-08  1.79999999e+00  0.00000000e+00 
 1.68500000e-08  1.79999999e+00  0.00000000e+00 
 1.69500000e-08  1.79999999e+00  0.00000000e+00 
 1.70500000e-08  1.79999999e+00  0.00000000e+00 
 1.71500000e-08  1.79999999e+00  0.00000000e+00 
 1.72500000e-08  1.79999999e+00  0.00000000e+00 
 1.73500000e-08  1.79999999e+00  0.00000000e+00 
 1.74500000e-08  1.79999999e+00  0.00000000e+00 
 1.75500000e-08  1.79999999e+00  0.00000000e+00 
 1.76500000e-08  1.79999999e+00  0.00000000e+00 
 1.77500000e-08  1.79999999e+00  0.00000000e+00 
 1.78500000e-08  1.79999999e+00  0.00000000e+00 
 1.79500000e-08  1.79999999e+00  0.00000000e+00 
 1.80500000e-08  1.79999999e+00  0.00000000e+00 
 1.81500000e-08  1.79999999e+00  0.00000000e+00 
 1.82500000e-08  1.79999999e+00  0.00000000e+00 
 1.83500000e-08  1.79999999e+00  0.00000000e+00 
 1.84500000e-08  1.79999999e+00  0.00000000e+00 
 1.85500000e-08  1.79999999e+00  0.00000000e+00 
 1.86500000e-08  1.79999999e+00  0.00000000e+00 
 1.87500000e-08  1.79999999e+00  0.00000000e+00 
 1.88500000e-08  1.79999999e+00  0.00000000e+00 
 1.89500000e-08  1.79999999e+00  0.00000000e+00 
 1.90500000e-08  1.79999999e+00  0.00000000e+00 
 1.91500000e-08  1.79999999e+00  0.00000000e+00 
 1.92500000e-08  1.79999999e+00  0.00000000e+00 
 1.93500000e-08  1.79999999e+00  0.00000000e+00 
 1.94500000e-08  1.79999999e+00  0.00000000e+00 
 1.95500000e-08  1.79999999e+00  0.00000000e+00 
 1.96500000e-08  1.79999999e+00  0.00000000e+00 
 1.97500000e-08  1.79999999e+00  0.00000000e+00 
 1.98500000e-08  1.79999999e+00  0.00000000e+00 
 1.99500000e-08  1.79999999e+00  0.00000000e+00 
 2.00000000e-08  1.79999999e+00  0.00000000e+00 
 2.00100000e-08  1.80393834e+00  1.80000000e-02 
 2.00300000e-08  1.80957424e+00  5.40000000e-02 
 2.00700000e-08  1.81374801e+00  1.26000000e-01 
 2.01500000e-08  1.81654486e+00  2.70000000e-01 
 2.02500000e-08  1.82097791e+00  4.50000000e-01 
 2.03500000e-08  1.82918845e+00  6.30000000e-01 
 2.04500000e-08  1.83234152e+00  8.10000000e-01 
 2.05500000e-08  1.69799635e+00  9.90000000e-01 
 2.06500000e-08  1.13263499e+00  1.17000000e+00 
 2.07500000e-08  2.33930924e-01  1.35000000e+00 
 2.08500000e-08 -4.03334015e-02  1.53000000e+00 
 2.09500000e-08  2.83255027e-02  1.71000000e+00 
 2.10000000e-08 -2.83058687e-03  1.80000000e+00 
 2.10100000e-08 -1.47889644e-03  1.80000000e+00 
 2.10300000e-08 -6.71093866e-05  1.80000000e+00 
 2.10700000e-08  1.93988237e-05  1.80000000e+00 
 2.11500000e-08 -1.09064923e-05  1.80000000e+00 
 2.12500000e-08  6.95617511e-06  1.80000000e+00 
 2.13500000e-08 -4.40258774e-06  1.80000000e+00 
 2.14500000e-08  2.81459606e-06  1.80000000e+00 
 2.15500000e-08 -1.76375070e-06  1.80000000e+00 
 2.16500000e-08  1.15217876e-06  1.80000000e+00 
 2.17500000e-08 -7.08290067e-07  1.80000000e+00 
 2.18500000e-08  4.69387854e-07  1.80000000e+00 
 2.19500000e-08 -2.81911812e-07  1.80000000e+00 
 2.20500000e-08  1.93555398e-07  1.80000000e+00 
 2.21500000e-08 -1.09664729e-07  1.80000000e+00 
 2.22500000e-08  8.21248922e-08  1.80000000e+00 
 2.23500000e-08 -4.00805911e-08  1.80000000e+00 
 2.24500000e-08  3.71092775e-08  1.80000000e+00 
 2.25500000e-08 -1.19700568e-08  1.80000000e+00 
 2.26500000e-08  1.89239057e-08  1.80000000e+00 
 2.27500000e-08 -6.13993850e-10  1.80000000e+00 
 2.28500000e-08  1.15774040e-08  1.80000000e+00 
 2.29500000e-08  3.97360601e-09  1.80000000e+00 
 2.30500000e-08  8.60358870e-09  1.80000000e+00 
 2.31500000e-08  5.77700889e-09  1.80000000e+00 
 2.32500000e-08  7.46633270e-09  1.80000000e+00 
 2.33500000e-08  6.49417919e-09  1.80000000e+00 
 2.34500000e-08  7.01407710e-09  1.80000000e+00 
 2.35500000e-08  6.77937384e-09  1.80000000e+00 
 2.36500000e-08  6.83423463e-09  1.80000000e+00 
 2.37500000e-08  6.89277926e-09  1.80000000e+00 
 2.38500000e-08  6.76272584e-09  1.80000000e+00 
 2.39500000e-08  6.93786706e-09  1.80000000e+00 
 2.40500000e-08  6.73429962e-09  1.80000000e+00 
 2.41500000e-08  6.95578628e-09  1.80000000e+00 
 2.42500000e-08  6.72300648e-09  1.80000000e+00 
 2.43500000e-08  6.96290083e-09  1.80000000e+00 
 2.44500000e-08  6.71852684e-09  1.80000000e+00 
 2.45500000e-08  6.96571885e-09  1.80000000e+00 
 2.46500000e-08  6.71675691e-09  1.80000000e+00 
 2.47500000e-08  6.96682810e-09  1.80000000e+00 
 2.48500000e-08  6.71606439e-09  1.80000000e+00 
 2.49500000e-08  6.96725771e-09  1.80000000e+00 
 2.50500000e-08  6.71580051e-09  1.80000000e+00 
 2.51500000e-08  6.96741702e-09  1.80000000e+00 
 2.52500000e-08  6.71570701e-09  1.80000000e+00 
 2.53500000e-08  6.96746882e-09  1.80000000e+00 
 2.54500000e-08  6.71568128e-09  1.80000000e+00 
 2.55500000e-08  6.96747812e-09  1.80000000e+00 
 2.56500000e-08  6.71568259e-09  1.80000000e+00 
 2.57500000e-08  6.96747030e-09  1.80000000e+00 
 2.58500000e-08  6.71569456e-09  1.80000000e+00 
 2.59500000e-08  6.96745564e-09  1.80000000e+00 
 2.60500000e-08  6.71571075e-09  1.80000000e+00 
 2.61500000e-08  6.96743846e-09  1.80000000e+00 
 2.62500000e-08  6.71572866e-09  1.80000000e+00 
 2.63500000e-08  6.96742010e-09  1.80000000e+00 
 2.64500000e-08  6.71574721e-09  1.80000000e+00 
 2.65500000e-08  6.96740128e-09  1.80000000e+00 
 2.66500000e-08  6.71576606e-09  1.80000000e+00 
 2.67500000e-08  6.96738246e-09  1.80000000e+00 
 2.68500000e-08  6.71578507e-09  1.80000000e+00 
 2.69500000e-08  6.96736350e-09  1.80000000e+00 
 2.70500000e-08  6.71580409e-09  1.80000000e+00 
 2.71500000e-08  6.96734435e-09  1.80000000e+00 
 2.72500000e-08  6.71582308e-09  1.80000000e+00 
 2.73500000e-08  6.96732540e-09  1.80000000e+00 
 2.74500000e-08  6.71584212e-09  1.80000000e+00 
 2.75500000e-08  6.96730640e-09  1.80000000e+00 
 2.76500000e-08  6.71586109e-09  1.80000000e+00 
 2.77500000e-08  6.96728741e-09  1.80000000e+00 
 2.78500000e-08  6.71588010e-09  1.80000000e+00 
 2.79500000e-08  6.96726842e-09  1.80000000e+00 
 2.80500000e-08  6.71589900e-09  1.80000000e+00 
 2.81500000e-08  6.96724950e-09  1.80000000e+00 
 2.82500000e-08  6.71591802e-09  1.80000000e+00 
 2.83500000e-08  6.96723048e-09  1.80000000e+00 
 2.84500000e-08  6.71593711e-09  1.80000000e+00 
 2.85500000e-08  6.96721144e-09  1.80000000e+00 
 2.86500000e-08  6.71595602e-09  1.80000000e+00 
 2.87500000e-08  6.96719246e-09  1.80000000e+00 
 2.88500000e-08  6.71597511e-09  1.80000000e+00 
 2.89500000e-08  6.96717343e-09  1.80000000e+00 
 2.90500000e-08  6.71599402e-09  1.80000000e+00 
 2.91500000e-08  6.96715449e-09  1.80000000e+00 
 2.92500000e-08  6.71601309e-09  1.80000000e+00 
 2.93500000e-08  6.96713541e-09  1.80000000e+00 
 2.94500000e-08  6.71603216e-09  1.80000000e+00 
 2.95500000e-08  6.96711654e-09  1.80000000e+00 
 2.96500000e-08  6.71605112e-09  1.80000000e+00 
 2.97500000e-08  6.96709746e-09  1.80000000e+00 
 2.98500000e-08  6.71606994e-09  1.80000000e+00 
 2.99500000e-08  6.96707853e-09  1.80000000e+00 
 3.00500000e-08  6.71608903e-09  1.80000000e+00 
 3.01500000e-08  6.96705951e-09  1.80000000e+00 
 3.02500000e-08  6.71610802e-09  1.80000000e+00 
 3.03500000e-08  6.96704064e-09  1.80000000e+00 
 3.04500000e-08  6.71612693e-09  1.80000000e+00 
 3.05500000e-08  6.96702159e-09  1.80000000e+00 
 3.06500000e-08  6.71614586e-09  1.80000000e+00 
 3.07500000e-08  6.96700259e-09  1.80000000e+00 
 3.08500000e-08  6.71616491e-09  1.80000000e+00 
 3.09500000e-08  6.96698371e-09  1.80000000e+00 
 3.10000000e-08  6.71619323e-09  1.80000000e+00 
 3.10100000e-08 -2.11561964e-03  1.78200000e+00 
 3.10300000e-08 -4.39430528e-03  1.74600000e+00 
 3.10700000e-08 -4.79684006e-03  1.67400000e+00 
 3.11500000e-08 -5.38152679e-03  1.53000000e+00 
 3.12500000e-08 -6.68767282e-03  1.35000000e+00 
 3.13500000e-08 -9.39184949e-03  1.17000000e+00 
 3.14500000e-08 -1.81306400e-02  9.90000000e-01 
 3.15500000e-08 -2.18950776e-02  8.10000000e-01 
 3.16500000e-08  1.11601916e-01  6.30000000e-01 
 3.17500000e-08  5.62934135e-01  4.50000000e-01 
 3.18500000e-08  1.36722589e+00  2.70000000e-01 
 3.19500000e-08  1.77665800e+00  9.00000000e-02 
 3.20000000e-08  1.78561508e+00  0.00000000e+00 
 3.20100000e-08  1.78972215e+00  0.00000000e+00 
 3.20300000e-08  1.79559185e+00  0.00000000e+00 
 3.20700000e-08  1.79951381e+00  0.00000000e+00 
 3.21500000e-08  1.80011536e+00  0.00000000e+00 
 3.22500000e-08  1.79995931e+00  0.00000000e+00 
 3.23500000e-08  1.80001386e+00  0.00000000e+00 
 3.24500000e-08  1.79999509e+00  0.00000000e+00 
 3.25500000e-08  1.80000166e+00  0.00000000e+00 
 3.26500000e-08  1.79999940e+00  0.00000000e+00 
 3.27500000e-08  1.80000018e+00  0.00000000e+00 
 3.28500000e-08  1.79999991e+00  0.00000000e+00 
 3.29500000e-08  1.80000001e+00  0.00000000e+00 
 3.30500000e-08  1.79999998e+00  0.00000000e+00 
 3.31500000e-08  1.79999999e+00  0.00000000e+00 
 3.32500000e-08  1.79999999e+00  0.00000000e+00 
 3.33500000e-08  1.79999999e+00  0.00000000e+00 
 3.34500000e-08  1.79999999e+00  0.00000000e+00 
 3.35500000e-08  1.79999999e+00  0.00000000e+00 
 3.36500000e-08  1.79999999e+00  0.00000000e+00 
 3.37500000e-08  1.79999999e+00  0.00000000e+00 
 3.38500000e-08  1.79999999e+00  0.00000000e+00 
 3.39500000e-08  1.79999999e+00  0.00000000e+00 
 3.40500000e-08  1.79999999e+00  0.00000000e+00 
 3.41500000e-08  1.79999999e+00  0.00000000e+00 
 3.42500000e-08  1.79999999e+00  0.00000000e+00 
 3.43500000e-08  1.79999999e+00  0.00000000e+00 
 3.44500000e-08  1.79999999e+00  0.00000000e+00 
 3.45500000e-08  1.79999999e+00  0.00000000e+00 
 3.46500000e-08  1.79999999e+00  0.00000000e+00 
 3.47500000e-08  1.79999999e+00  0.00000000e+00 
 3.48500000e-08  1.79999999e+00  0.00000000e+00 
 3.49500000e-08  1.79999999e+00  0.00000000e+00 
 3.50500000e-08  1.79999999e+00  0.00000000e+00 
 3.51500000e-08  1.79999999e+00  0.00000000e+00 
 3.52500000e-08  1.79999999e+00  0.00000000e+00 
 3.53500000e-08  1.79999999e+00  0.00000000e+00 
 3.54500000e-08  1.79999999e+00  0.00000000e+00 
 3.55500000e-08  1.79999999e+00  0.00000000e+00 
 3.56500000e-08  1.79999999e+00  0.00000000e+00 
 3.57500000e-08  1.79999999e+00  0.00000000e+00 
 3.58500000e-08  1.79999999e+00  0.00000000e+00 
 3.59500000e-08  1.79999999e+00  0.00000000e+00 
 3.60500000e-08  1.79999999e+00  0.00000000e+00 
 3.61500000e-08  1.79999999e+00  0.00000000e+00 
 3.62500000e-08  1.79999999e+00  0.00000000e+00 
 3.63500000e-08  1.79999999e+00  0.00000000e+00 
 3.64500000e-08  1.79999999e+00  0.00000000e+00 
 3.65500000e-08  1.79999999e+00  0.00000000e+00 
 3.66500000e-08  1.79999999e+00  0.00000000e+00 
 3.67500000e-08  1.79999999e+00  0.00000000e+00 
 3.68500000e-08  1.79999999e+00  0.00000000e+00 
 3.69500000e-08  1.79999999e+00  0.00000000e+00 
 3.70500000e-08  1.79999999e+00  0.00000000e+00 
 3.71500000e-08  1.79999999e+00  0.00000000e+00 
 3.72500000e-08  1.79999999e+00  0.00000000e+00 
 3.73500000e-08  1.79999999e+00  0.00000000e+00 
 3.74500000e-08  1.79999999e+00  0.00000000e+00 
 3.75500000e-08  1.79999999e+00  0.00000000e+00 
 3.76500000e-08  1.79999999e+00  0.00000000e+00 
 3.77500000e-08  1.79999999e+00  0.00000000e+00 
 3.78500000e-08  1.79999999e+00  0.00000000e+00 
 3.79500000e-08  1.79999999e+00  0.00000000e+00 
 3.80500000e-08  1.79999999e+00  0.00000000e+00 
 3.81500000e-08  1.79999999e+00  0.00000000e+00 
 3.82500000e-08  1.79999999e+00  0.00000000e+00 
 3.83500000e-08  1.79999999e+00  0.00000000e+00 
 3.84500000e-08  1.79999999e+00  0.00000000e+00 
 3.85500000e-08  1.79999999e+00  0.00000000e+00 
 3.86500000e-08  1.79999999e+00  0.00000000e+00 
 3.87500000e-08  1.79999999e+00  0.00000000e+00 
 3.88500000e-08  1.79999999e+00  0.00000000e+00 
 3.89500000e-08  1.79999999e+00  0.00000000e+00 
 3.90500000e-08  1.79999999e+00  0.00000000e+00 
 3.91500000e-08  1.79999999e+00  0.00000000e+00 
 3.92500000e-08  1.79999999e+00  0.00000000e+00 
 3.93500000e-08  1.79999999e+00  0.00000000e+00 
 3.94500000e-08  1.79999999e+00  0.00000000e+00 
 3.95500000e-08  1.79999999e+00  0.00000000e+00 
 3.96500000e-08  1.79999999e+00  0.00000000e+00 
 3.97500000e-08  1.79999999e+00  0.00000000e+00 
 3.98500000e-08  1.79999999e+00  0.00000000e+00 
 3.99500000e-08  1.79999999e+00  0.00000000e+00 
 4.00000000e-08  1.79999999e+00  0.00000000e+00 
 4.00100000e-08  1.80393834e+00  1.80000000e-02 
 4.00300000e-08  1.80957424e+00  5.40000000e-02 
 4.00700000e-08  1.81374801e+00  1.26000000e-01 
 4.01500000e-08  1.81654486e+00  2.70000000e-01 
 4.02500000e-08  1.82097791e+00  4.50000000e-01 
 4.03500000e-08  1.82918845e+00  6.30000000e-01 
 4.04500000e-08  1.83234152e+00  8.10000000e-01 
 4.05500000e-08  1.69799635e+00  9.90000000e-01 
 4.06500000e-08  1.13263499e+00  1.17000000e+00 
 4.07500000e-08  2.33930924e-01  1.35000000e+00 
 4.08500000e-08 -4.03334015e-02  1.53000000e+00 
 4.09500000e-08  2.83255027e-02  1.71000000e+00 
 4.10000000e-08 -2.83058687e-03  1.80000000e+00 
 4.10100000e-08 -1.47889644e-03  1.80000000e+00 
 4.10300000e-08 -6.71093866e-05  1.80000000e+00 
 4.10700000e-08  1.93988237e-05  1.80000000e+00 
 4.11500000e-08 -1.09064923e-05  1.80000000e+00 
 4.12500000e-08  6.95617511e-06  1.80000000e+00 
 4.13500000e-08 -4.40258774e-06  1.80000000e+00 
 4.14500000e-08  2.81459606e-06  1.80000000e+00 
 4.15500000e-08 -1.76375070e-06  1.80000000e+00 
 4.16500000e-08  1.15217876e-06  1.80000000e+00 
 4.17500000e-08 -7.08290067e-07  1.80000000e+00 
 4.18500000e-08  4.69387854e-07  1.80000000e+00 
 4.19500000e-08 -2.81911812e-07  1.80000000e+00 
 4.20500000e-08  1.93555398e-07  1.80000000e+00 
 4.21500000e-08 -1.09664729e-07  1.80000000e+00 
 4.22500000e-08  8.21248922e-08  1.80000000e+00 
 4.23500000e-08 -4.00805911e-08  1.80000000e+00 
 4.24500000e-08  3.71092775e-08  1.80000000e+00 
 4.25500000e-08 -1.19700567e-08  1.80000000e+00 
 4.26500000e-08  1.89239057e-08  1.80000000e+00 
 4.27500000e-08 -6.13993865e-10  1.80000000e+00 
 4.28500000e-08  1.15774040e-08  1.80000000e+00 
 4.29500000e-08  3.97360600e-09  1.80000000e+00 
 4.30500000e-08  8.60358871e-09  1.80000000e+00 
 4.31500000e-08  5.77700888e-09  1.80000000e+00 
 4.32500000e-08  7.46633271e-09  1.80000000e+00 
 4.33500000e-08  6.49417918e-09  1.80000000e+00 
 4.34500000e-08  7.01407711e-09  1.80000000e+00 
 4.35500000e-08  6.77937384e-09  1.80000000e+00 
 4.36500000e-08  6.83423464e-09  1.80000000e+00 
 4.37500000e-08  6.89277925e-09  1.80000000e+00 
 4.38500000e-08  6.76272582e-09  1.80000000e+00 
 4.39500000e-08  6.93786705e-09  1.80000000e+00 
 4.40500000e-08  6.73429963e-09  1.80000000e+00 
 4.41500000e-08  6.95578627e-09  1.80000000e+00 
 4.42500000e-08  6.72300649e-09  1.80000000e+00 
 4.43500000e-08  6.96290082e-09  1.80000000e+00 
 4.44500000e-08  6.71852682e-09  1.80000000e+00 
 4.45500000e-08  6.96571884e-09  1.80000000e+00 
 4.46500000e-08  6.71675692e-09  1.80000000e+00 
 4.47500000e-08  6.96682809e-09  1.80000000e+00 
 4.48500000e-08  6.71606438e-09  1.80000000e+00 
 4.49500000e-08  6.96725773e-09  1.80000000e+00 
 4.50500000e-08  6.71580052e-09  1.80000000e+00 
 4.51500000e-08  6.96741701e-09  1.80000000e+00 
 4.52500000e-08  6.71570702e-09  1.80000000e+00 
 4.53500000e-08  6.96746882e-09  1.80000000e+00 
 4.54500000e-08  6.71568129e-09  1.80000000e+00 
 4.55500000e-08  6.96747812e-09  1.80000000e+00 
 4.56500000e-08  6.71568259e-09  1.80000000e+00 
 4.57500000e-08  6.96747030e-09  1.80000000e+00 
 4.58500000e-08  6.71569456e-09  1.80000000e+00 
 4.59500000e-08  6.96745564e-09  1.80000000e+00 
 4.60500000e-08  6.71571075e-09  1.80000000e+00 
 4.61500000e-08  6.96743847e-09  1.80000000e+00 
 4.62500000e-08  6.71572866e-09  1.80000000e+00 
 4.63500000e-08  6.96742010e-09  1.80000000e+00 
 4.64500000e-08  6.71574722e-09  1.80000000e+00 
 4.65500000e-08  6.96740128e-09  1.80000000e+00 
 4.66500000e-08  6.71576607e-09  1.80000000e+00 
 4.67500000e-08  6.96738246e-09  1.80000000e+00 
 4.68500000e-08  6.71578507e-09  1.80000000e+00 
 4.69500000e-08  6.96736349e-09  1.80000000e+00 
 4.70500000e-08  6.71580408e-09  1.80000000e+00 
 4.71500000e-08  6.96734434e-09  1.80000000e+00 
 4.72500000e-08  6.71582308e-09  1.80000000e+00 
 4.73500000e-08  6.96732540e-09  1.80000000e+00 
 4.74500000e-08  6.71584212e-09  1.80000000e+00 
 4.75500000e-08  6.96730640e-09  1.80000000e+00 
 4.76500000e-08  6.71586109e-09  1.80000000e+00 
 4.77500000e-08  6.96728741e-09  1.80000000e+00 
 4.78500000e-08  6.71588011e-09  1.80000000e+00 
 4.79500000e-08  6.96726842e-09  1.80000000e+00 
 4.80500000e-08  6.71589899e-09  1.80000000e+00 
 4.81500000e-08  6.96724952e-09  1.80000000e+00 
 4.82500000e-08  6.71591808e-09  1.80000000e+00 
 4.83500000e-08  6.96723044e-09  1.80000000e+00 
 4.84500000e-08  6.71593717e-09  1.80000000e+00 
 4.85500000e-08  6.96721139e-09  1.80000000e+00 
 4.86500000e-08  6.71595615e-09  1.80000000e+00 
 4.87500000e-08  6.96719248e-09  1.80000000e+00 
 4.88500000e-08  6.71597514e-09  1.80000000e+00 
 4.89500000e-08  6.96717339e-09  1.80000000e+00 
 4.90500000e-08  6.71599403e-09  1.80000000e+00 
 4.91500000e-08  6.96715447e-09  1.80000000e+00 
 4.92500000e-08  6.71601311e-09  1.80000000e+00 
 4.93500000e-08  6.96713541e-09  1.80000000e+00 
 4.94500000e-08  6.71603216e-09  1.80000000e+00 
 4.95500000e-08  6.96711653e-09  1.80000000e+00 
 4.96500000e-08  6.71605112e-09  1.80000000e+00 
 4.97500000e-08  6.96709746e-09  1.80000000e+00 
 4.98500000e-08  6.71606995e-09  1.80000000e+00 
 4.99500000e-08  6.96707853e-09  1.80000000e+00 
 5.00000000e-08  6.71609853e-09  1.80000000e+00 
