 0.00000000e+00  7.35274716e-09  1.80000000e+00 
 1.00000000e-12  7.35274720e-09  1.80000000e+00 
 2.00000000e-12  7.35274717e-09  1.80000000e+00 
 4.00000000e-12  7.35274715e-09  1.80000000e+00 
 8.00000000e-12  7.35274711e-09  1.80000000e+00 
 1.60000000e-11  7.35274678e-09  1.80000000e+00 
 3.20000000e-11  7.35274675e-09  1.80000000e+00 
 6.40000000e-11  7.35274710e-09  1.80000000e+00 
 1.28000000e-10  7.35274713e-09  1.80000000e+00 
 2.28000000e-10  7.35274716e-09  1.80000000e+00 
 3.28000000e-10  7.35274710e-09  1.80000000e+00 
 4.28000000e-10  7.35274711e-09  1.80000000e+00 
 5.28000000e-10  7.35274711e-09  1.80000000e+00 
 6.28000000e-10  7.35274711e-09  1.80000000e+00 
 7.28000000e-10  7.35274711e-09  1.80000000e+00 
 8.28000000e-10  7.35274711e-09  1.80000000e+00 
 9.28000000e-10  7.35274711e-09  1.80000000e+00 
 1.02800000e-09  7.35274711e-09  1.80000000e+00 
 1.12800000e-09  7.35274711e-09  1.80000000e+00 
 1.22800000e-09  7.35274711e-09  1.80000000e+00 
 1.32800000e-09  7.35274711e-09  1.80000000e+00 
 1.42800000e-09  7.35274711e-09  1.80000000e+00 
 1.52800000e-09  7.35274711e-09  1.80000000e+00 
 1.62800000e-09  7.35274711e-09  1.80000000e+00 
 1.72800000e-09  7.35274711e-09  1.80000000e+00 
 1.82800000e-09  7.35274711e-09  1.80000000e+00 
 1.92800000e-09  7.35274711e-09  1.80000000e+00 
 2.02800000e-09  7.35274711e-09  1.80000000e+00 
 2.12800000e-09  7.35274711e-09  1.80000000e+00 
 2.22800000e-09  7.35274711e-09  1.80000000e+00 
 2.32800000e-09  7.35274711e-09  1.80000000e+00 
 2.42800000e-09  7.35274711e-09  1.80000000e+00 
 2.52800000e-09  7.35274711e-09  1.80000000e+00 
 2.62800000e-09  7.35274711e-09  1.80000000e+00 
 2.72800000e-09  7.35274711e-09  1.80000000e+00 
 2.82800000e-09  7.35274711e-09  1.80000000e+00 
 2.92800000e-09  7.35274711e-09  1.80000000e+00 
 3.02800000e-09  7.35274711e-09  1.80000000e+00 
 3.12800000e-09  7.35274711e-09  1.80000000e+00 
 3.22800000e-09  7.35274711e-09  1.80000000e+00 
 3.32800000e-09  7.35274711e-09  1.80000000e+00 
 3.42800000e-09  7.35274711e-09  1.80000000e+00 
 3.52800000e-09  7.35274711e-09  1.80000000e+00 
 3.62800000e-09  7.35274711e-09  1.80000000e+00 
 3.72800000e-09  7.35274711e-09  1.80000000e+00 
 3.82800000e-09  7.35274711e-09  1.80000000e+00 
 3.92800000e-09  7.35274711e-09  1.80000000e+00 
 4.02800000e-09  7.35274711e-09  1.80000000e+00 
 4.12800000e-09  7.35274711e-09  1.80000000e+00 
 4.22800000e-09  7.35274711e-09  1.80000000e+00 
 4.32800000e-09  7.35274711e-09  1.80000000e+00 
 4.42800000e-09  7.35274711e-09  1.80000000e+00 
 4.52800000e-09  7.35274711e-09  1.80000000e+00 
 4.62800000e-09  7.35274711e-09  1.80000000e+00 
 4.72800000e-09  7.35274711e-09  1.80000000e+00 
 4.82800000e-09  7.35274711e-09  1.80000000e+00 
 4.92800000e-09  7.35274711e-09  1.80000000e+00 
 5.02800000e-09  7.35274711e-09  1.80000000e+00 
 5.12800000e-09  7.35274711e-09  1.80000000e+00 
 5.22800000e-09  7.35274711e-09  1.80000000e+00 
 5.32800000e-09  7.35274711e-09  1.80000000e+00 
 5.42800000e-09  7.35274711e-09  1.80000000e+00 
 5.52800000e-09  7.35274711e-09  1.80000000e+00 
 5.62800000e-09  7.35274711e-09  1.80000000e+00 
 5.72800000e-09  7.35274711e-09  1.80000000e+00 
 5.82800000e-09  7.35274711e-09  1.80000000e+00 
 5.92800000e-09  7.35274711e-09  1.80000000e+00 
 6.02800000e-09  7.35274711e-09  1.80000000e+00 
 6.12800000e-09  7.35274711e-09  1.80000000e+00 
 6.22800000e-09  7.35274711e-09  1.80000000e+00 
 6.32800000e-09  7.35274711e-09  1.80000000e+00 
 6.42800000e-09  7.35274711e-09  1.80000000e+00 
 6.52800000e-09  7.35274711e-09  1.80000000e+00 
 6.62800000e-09  7.35274711e-09  1.80000000e+00 
 6.72800000e-09  7.35274711e-09  1.80000000e+00 
 6.82800000e-09  7.35274711e-09  1.80000000e+00 
 6.92800000e-09  7.35274711e-09  1.80000000e+00 
 7.02800000e-09  7.35274711e-09  1.80000000e+00 
 7.12800000e-09  7.35274711e-09  1.80000000e+00 
 7.22800000e-09  7.35274711e-09  1.80000000e+00 
 7.32800000e-09  7.35274711e-09  1.80000000e+00 
 7.42800000e-09  7.35274711e-09  1.80000000e+00 
 7.52800000e-09  7.35274711e-09  1.80000000e+00 
 7.62800000e-09  7.35274711e-09  1.80000000e+00 
 7.72800000e-09  7.35274711e-09  1.80000000e+00 
 7.82800000e-09  7.35274711e-09  1.80000000e+00 
 7.92800000e-09  7.35274711e-09  1.80000000e+00 
 8.02800000e-09  7.35274711e-09  1.80000000e+00 
 8.12800000e-09  7.35274711e-09  1.80000000e+00 
 8.22800000e-09  7.35274711e-09  1.80000000e+00 
 8.32800000e-09  7.35274711e-09  1.80000000e+00 
 8.42800000e-09  7.35274711e-09  1.80000000e+00 
 8.52800000e-09  7.35274711e-09  1.80000000e+00 
 8.62800000e-09  7.35274711e-09  1.80000000e+00 
 8.72800000e-09  7.35274711e-09  1.80000000e+00 
 8.82800000e-09  7.35274711e-09  1.80000000e+00 
 8.92800000e-09  7.35274711e-09  1.80000000e+00 
 9.02800000e-09  7.35274711e-09  1.80000000e+00 
 9.12800000e-09  7.35274711e-09  1.80000000e+00 
 9.22800000e-09  7.35274711e-09  1.80000000e+00 
 9.32800000e-09  7.35274711e-09  1.80000000e+00 
 9.42800000e-09  7.35274711e-09  1.80000000e+00 
 9.52800000e-09  7.35274711e-09  1.80000000e+00 
 9.62800000e-09  7.35274711e-09  1.80000000e+00 
 9.72800000e-09  7.35274711e-09  1.80000000e+00 
 9.82800000e-09  7.35274711e-09  1.80000000e+00 
 9.92800000e-09  7.35274711e-09  1.80000000e+00 
 1.00280000e-08  7.35274711e-09  1.80000000e+00 
 1.01280000e-08  7.35274711e-09  1.80000000e+00 
 1.02280000e-08  7.35274711e-09  1.80000000e+00 
 1.03280000e-08  7.35274711e-09  1.80000000e+00 
 1.04280000e-08  7.35274711e-09  1.80000000e+00 
 1.05280000e-08  7.35274711e-09  1.80000000e+00 
 1.06280000e-08  7.35274711e-09  1.80000000e+00 
 1.07280000e-08  7.35274711e-09  1.80000000e+00 
 1.08280000e-08  7.35274711e-09  1.80000000e+00 
 1.09280000e-08  7.35274711e-09  1.80000000e+00 
 1.10280000e-08  7.35274711e-09  1.80000000e+00 
 1.11280000e-08  7.35274711e-09  1.80000000e+00 
 1.12280000e-08  7.35274711e-09  1.80000000e+00 
 1.13280000e-08  7.35274711e-09  1.80000000e+00 
 1.14280000e-08  7.35274711e-09  1.80000000e+00 
 1.15280000e-08  7.35274711e-09  1.80000000e+00 
 1.16280000e-08  7.35274711e-09  1.80000000e+00 
 1.17280000e-08  7.35274711e-09  1.80000000e+00 
 1.18280000e-08  7.35274711e-09  1.80000000e+00 
 1.19280000e-08  7.35274711e-09  1.80000000e+00 
 1.20280000e-08  7.35274711e-09  1.80000000e+00 
 1.21280000e-08  7.35274711e-09  1.80000000e+00 
 1.22280000e-08  7.35274711e-09  1.80000000e+00 
 1.23280000e-08  7.35274711e-09  1.80000000e+00 
 1.24280000e-08  7.35274711e-09  1.80000000e+00 
 1.25280000e-08  7.35274711e-09  1.80000000e+00 
 1.26280000e-08  7.35274711e-09  1.80000000e+00 
 1.27280000e-08  7.35274711e-09  1.80000000e+00 
 1.28280000e-08  7.35274711e-09  1.80000000e+00 
 1.29280000e-08  7.35274711e-09  1.80000000e+00 
 1.30280000e-08  7.35274711e-09  1.80000000e+00 
 1.31280000e-08  7.35274711e-09  1.80000000e+00 
 1.32280000e-08  7.35274711e-09  1.80000000e+00 
 1.33280000e-08  7.35274711e-09  1.80000000e+00 
 1.34280000e-08  7.35274711e-09  1.80000000e+00 
 1.35280000e-08  7.35274711e-09  1.80000000e+00 
 1.36280000e-08  7.35274711e-09  1.80000000e+00 
 1.37280000e-08  7.35274711e-09  1.80000000e+00 
 1.38280000e-08  7.35274711e-09  1.80000000e+00 
 1.39280000e-08  7.35274711e-09  1.80000000e+00 
 1.40280000e-08  7.35274711e-09  1.80000000e+00 
 1.41280000e-08  7.35274711e-09  1.80000000e+00 
 1.42280000e-08  7.35274711e-09  1.80000000e+00 
 1.43280000e-08  7.35274711e-09  1.80000000e+00 
 1.44280000e-08  7.35274711e-09  1.80000000e+00 
 1.45280000e-08  7.35274711e-09  1.80000000e+00 
 1.46280000e-08  7.35274711e-09  1.80000000e+00 
 1.47280000e-08  7.35274711e-09  1.80000000e+00 
 1.48280000e-08  7.35274711e-09  1.80000000e+00 
 1.49280000e-08  7.35274711e-09  1.80000000e+00 
 1.50280000e-08  7.35274711e-09  1.80000000e+00 
 1.51280000e-08  7.35274711e-09  1.80000000e+00 
 1.52280000e-08  7.35274711e-09  1.80000000e+00 
 1.53280000e-08  7.35274711e-09  1.80000000e+00 
 1.54280000e-08  7.35274711e-09  1.80000000e+00 
 1.55280000e-08  7.35274711e-09  1.80000000e+00 
 1.56280000e-08  7.35274711e-09  1.80000000e+00 
 1.57280000e-08  7.35274711e-09  1.80000000e+00 
 1.58280000e-08  7.35274711e-09  1.80000000e+00 
 1.59280000e-08  7.35274711e-09  1.80000000e+00 
 1.60280000e-08  7.35274711e-09  1.80000000e+00 
 1.61280000e-08  7.35274711e-09  1.80000000e+00 
 1.62280000e-08  7.35274711e-09  1.80000000e+00 
 1.63280000e-08  7.35274711e-09  1.80000000e+00 
 1.64280000e-08  7.35274711e-09  1.80000000e+00 
 1.65280000e-08  7.35274711e-09  1.80000000e+00 
 1.66280000e-08  7.35274711e-09  1.80000000e+00 
 1.67280000e-08  7.35274711e-09  1.80000000e+00 
 1.68280000e-08  7.35274711e-09  1.80000000e+00 
 1.69280000e-08  7.35274711e-09  1.80000000e+00 
 1.70280000e-08  7.35274711e-09  1.80000000e+00 
 1.71280000e-08  7.35274711e-09  1.80000000e+00 
 1.72280000e-08  7.35274711e-09  1.80000000e+00 
 1.73280000e-08  7.35274711e-09  1.80000000e+00 
 1.74280000e-08  7.35274711e-09  1.80000000e+00 
 1.75280000e-08  7.35274711e-09  1.80000000e+00 
 1.76280000e-08  7.35274711e-09  1.80000000e+00 
 1.77280000e-08  7.35274711e-09  1.80000000e+00 
 1.78280000e-08  7.35274711e-09  1.80000000e+00 
 1.79280000e-08  7.35274711e-09  1.80000000e+00 
 1.80280000e-08  7.35274711e-09  1.80000000e+00 
 1.81280000e-08  7.35274711e-09  1.80000000e+00 
 1.82280000e-08  7.35274711e-09  1.80000000e+00 
 1.83280000e-08  7.35274711e-09  1.80000000e+00 
 1.84280000e-08  7.35274711e-09  1.80000000e+00 
 1.85280000e-08  7.35274711e-09  1.80000000e+00 
 1.86280000e-08  7.35274711e-09  1.80000000e+00 
 1.87280000e-08  7.35274711e-09  1.80000000e+00 
 1.88280000e-08  7.35274711e-09  1.80000000e+00 
 1.89280000e-08  7.35274711e-09  1.80000000e+00 
 1.90280000e-08  7.35274711e-09  1.80000000e+00 
 1.91280000e-08  7.35274711e-09  1.80000000e+00 
 1.92280000e-08  7.35274711e-09  1.80000000e+00 
 1.93280000e-08  7.35274711e-09  1.80000000e+00 
 1.94280000e-08  7.35274711e-09  1.80000000e+00 
 1.95280000e-08  7.35274711e-09  1.80000000e+00 
 1.96280000e-08  7.35274711e-09  1.80000000e+00 
 1.97280000e-08  7.35274711e-09  1.80000000e+00 
 1.98280000e-08  7.35274711e-09  1.80000000e+00 
 1.99280000e-08  7.35274711e-09  1.80000000e+00 
 2.00280000e-08  7.35274711e-09  1.80000000e+00 
 2.01280000e-08  7.35274711e-09  1.80000000e+00 
 2.02280000e-08  7.35274711e-09  1.80000000e+00 
 2.03280000e-08  7.35274711e-09  1.80000000e+00 
 2.04280000e-08  7.35274711e-09  1.80000000e+00 
 2.05280000e-08  7.35274711e-09  1.80000000e+00 
 2.06280000e-08  7.35274711e-09  1.80000000e+00 
 2.07280000e-08  7.35274711e-09  1.80000000e+00 
 2.08280000e-08  7.35274711e-09  1.80000000e+00 
 2.09280000e-08  7.35274711e-09  1.80000000e+00 
 2.10280000e-08  7.35274711e-09  1.80000000e+00 
 2.11280000e-08  7.35274711e-09  1.80000000e+00 
 2.12280000e-08  7.35274711e-09  1.80000000e+00 
 2.13280000e-08  7.35274711e-09  1.80000000e+00 
 2.14280000e-08  7.35274711e-09  1.80000000e+00 
 2.15280000e-08  7.35274711e-09  1.80000000e+00 
 2.16280000e-08  7.35274711e-09  1.80000000e+00 
 2.17280000e-08  7.35274711e-09  1.80000000e+00 
 2.18280000e-08  7.35274711e-09  1.80000000e+00 
 2.19280000e-08  7.35274711e-09  1.80000000e+00 
 2.20280000e-08  7.35274711e-09  1.80000000e+00 
 2.21280000e-08  7.35274711e-09  1.80000000e+00 
 2.22280000e-08  7.35274711e-09  1.80000000e+00 
 2.23280000e-08  7.35274711e-09  1.80000000e+00 
 2.24280000e-08  7.35274711e-09  1.80000000e+00 
 2.25280000e-08  7.35274711e-09  1.80000000e+00 
 2.26280000e-08  7.35274711e-09  1.80000000e+00 
 2.27280000e-08  7.35274711e-09  1.80000000e+00 
 2.28280000e-08  7.35274711e-09  1.80000000e+00 
 2.29280000e-08  7.35274711e-09  1.80000000e+00 
 2.30280000e-08  7.35274711e-09  1.80000000e+00 
 2.31280000e-08  7.35274711e-09  1.80000000e+00 
 2.32280000e-08  7.35274711e-09  1.80000000e+00 
 2.33280000e-08  7.35274711e-09  1.80000000e+00 
 2.34280000e-08  7.35274711e-09  1.80000000e+00 
 2.35280000e-08  7.35274711e-09  1.80000000e+00 
 2.36280000e-08  7.35274711e-09  1.80000000e+00 
 2.37280000e-08  7.35274711e-09  1.80000000e+00 
 2.38280000e-08  7.35274711e-09  1.80000000e+00 
 2.39280000e-08  7.35274711e-09  1.80000000e+00 
 2.40280000e-08  7.35274711e-09  1.80000000e+00 
 2.41280000e-08  7.35274711e-09  1.80000000e+00 
 2.42280000e-08  7.35274711e-09  1.80000000e+00 
 2.43280000e-08  7.35274711e-09  1.80000000e+00 
 2.44280000e-08  7.35274711e-09  1.80000000e+00 
 2.45280000e-08  7.35274711e-09  1.80000000e+00 
 2.46280000e-08  7.35274711e-09  1.80000000e+00 
 2.47280000e-08  7.35274711e-09  1.80000000e+00 
 2.48280000e-08  7.35274711e-09  1.80000000e+00 
 2.49280000e-08  7.35274711e-09  1.80000000e+00 
 2.50280000e-08  7.35274711e-09  1.80000000e+00 
 2.51280000e-08  7.35274711e-09  1.80000000e+00 
 2.52280000e-08  7.35274711e-09  1.80000000e+00 
 2.53280000e-08  7.35274711e-09  1.80000000e+00 
 2.54280000e-08  7.35274711e-09  1.80000000e+00 
 2.55280000e-08  7.35274711e-09  1.80000000e+00 
 2.56280000e-08  7.35274711e-09  1.80000000e+00 
 2.57280000e-08  7.35274711e-09  1.80000000e+00 
 2.58280000e-08  7.35274711e-09  1.80000000e+00 
 2.59280000e-08  7.35274711e-09  1.80000000e+00 
 2.60280000e-08  7.35274711e-09  1.80000000e+00 
 2.61280000e-08  7.35274711e-09  1.80000000e+00 
 2.62280000e-08  7.35274711e-09  1.80000000e+00 
 2.63280000e-08  7.35274711e-09  1.80000000e+00 
 2.64280000e-08  7.35274711e-09  1.80000000e+00 
 2.65280000e-08  7.35274711e-09  1.80000000e+00 
 2.66280000e-08  7.35274711e-09  1.80000000e+00 
 2.67280000e-08  7.35274711e-09  1.80000000e+00 
 2.68280000e-08  7.35274711e-09  1.80000000e+00 
 2.69280000e-08  7.35274711e-09  1.80000000e+00 
 2.70280000e-08  7.35274711e-09  1.80000000e+00 
 2.71280000e-08  7.35274711e-09  1.80000000e+00 
 2.72280000e-08  7.35274711e-09  1.80000000e+00 
 2.73280000e-08  7.35274711e-09  1.80000000e+00 
 2.74280000e-08  7.35274711e-09  1.80000000e+00 
 2.75280000e-08  7.35274711e-09  1.80000000e+00 
 2.76280000e-08  7.35274711e-09  1.80000000e+00 
 2.77280000e-08  7.35274711e-09  1.80000000e+00 
 2.78280000e-08  7.35274711e-09  1.80000000e+00 
 2.79280000e-08  7.35274711e-09  1.80000000e+00 
 2.80280000e-08  7.35274711e-09  1.80000000e+00 
 2.81280000e-08  7.35274711e-09  1.80000000e+00 
 2.82280000e-08  7.35274711e-09  1.80000000e+00 
 2.83280000e-08  7.35274711e-09  1.80000000e+00 
 2.84280000e-08  7.35274711e-09  1.80000000e+00 
 2.85280000e-08  7.35274711e-09  1.80000000e+00 
 2.86280000e-08  7.35274711e-09  1.80000000e+00 
 2.87280000e-08  7.35274711e-09  1.80000000e+00 
 2.88280000e-08  7.35274711e-09  1.80000000e+00 
 2.89280000e-08  7.35274711e-09  1.80000000e+00 
 2.90280000e-08  7.35274711e-09  1.80000000e+00 
 2.91280000e-08  7.35274711e-09  1.80000000e+00 
 2.92280000e-08  7.35274711e-09  1.80000000e+00 
 2.93280000e-08  7.35274711e-09  1.80000000e+00 
 2.94280000e-08  7.35274711e-09  1.80000000e+00 
 2.95280000e-08  7.35274711e-09  1.80000000e+00 
 2.96280000e-08  7.35274711e-09  1.80000000e+00 
 2.97280000e-08  7.35274711e-09  1.80000000e+00 
 2.98280000e-08  7.35274711e-09  1.80000000e+00 
 2.99280000e-08  7.35274711e-09  1.80000000e+00 
 3.00280000e-08  7.35274711e-09  1.80000000e+00 
 3.01280000e-08  7.35274711e-09  1.80000000e+00 
 3.02280000e-08  7.35274711e-09  1.80000000e+00 
 3.03280000e-08  7.35274711e-09  1.80000000e+00 
 3.04280000e-08  7.35274711e-09  1.80000000e+00 
 3.05280000e-08  7.35274711e-09  1.80000000e+00 
 3.06280000e-08  7.35274711e-09  1.80000000e+00 
 3.07280000e-08  7.35274711e-09  1.80000000e+00 
 3.08280000e-08  7.35274711e-09  1.80000000e+00 
 3.09280000e-08  7.35274711e-09  1.80000000e+00 
 3.10280000e-08  7.35274711e-09  1.80000000e+00 
 3.11280000e-08  7.35274711e-09  1.80000000e+00 
 3.12280000e-08  7.35274711e-09  1.80000000e+00 
 3.13280000e-08  7.35274711e-09  1.80000000e+00 
 3.14280000e-08  7.35274711e-09  1.80000000e+00 
 3.15280000e-08  7.35274711e-09  1.80000000e+00 
 3.16280000e-08  7.35274711e-09  1.80000000e+00 
 3.17280000e-08  7.35274711e-09  1.80000000e+00 
 3.18280000e-08  7.35274711e-09  1.80000000e+00 
 3.19280000e-08  7.35274711e-09  1.80000000e+00 
 3.20280000e-08  7.35274711e-09  1.80000000e+00 
 3.21280000e-08  7.35274711e-09  1.80000000e+00 
 3.22280000e-08  7.35274711e-09  1.80000000e+00 
 3.23280000e-08  7.35274711e-09  1.80000000e+00 
 3.24280000e-08  7.35274711e-09  1.80000000e+00 
 3.25280000e-08  7.35274711e-09  1.80000000e+00 
 3.26280000e-08  7.35274711e-09  1.80000000e+00 
 3.27280000e-08  7.35274711e-09  1.80000000e+00 
 3.28280000e-08  7.35274711e-09  1.80000000e+00 
 3.29280000e-08  7.35274711e-09  1.80000000e+00 
 3.30280000e-08  7.35274711e-09  1.80000000e+00 
 3.31280000e-08  7.35274711e-09  1.80000000e+00 
 3.32280000e-08  7.35274711e-09  1.80000000e+00 
 3.33280000e-08  7.35274711e-09  1.80000000e+00 
 3.34280000e-08  7.35274711e-09  1.80000000e+00 
 3.35280000e-08  7.35274711e-09  1.80000000e+00 
 3.36280000e-08  7.35274711e-09  1.80000000e+00 
 3.37280000e-08  7.35274711e-09  1.80000000e+00 
 3.38280000e-08  7.35274711e-09  1.80000000e+00 
 3.39280000e-08  7.35274711e-09  1.80000000e+00 
 3.40280000e-08  7.35274711e-09  1.80000000e+00 
 3.41280000e-08  7.35274711e-09  1.80000000e+00 
 3.42280000e-08  7.35274711e-09  1.80000000e+00 
 3.43280000e-08  7.35274711e-09  1.80000000e+00 
 3.44280000e-08  7.35274711e-09  1.80000000e+00 
 3.45280000e-08  7.35274711e-09  1.80000000e+00 
 3.46280000e-08  7.35274711e-09  1.80000000e+00 
 3.47280000e-08  7.35274711e-09  1.80000000e+00 
 3.48280000e-08  7.35274711e-09  1.80000000e+00 
 3.49280000e-08  7.35274711e-09  1.80000000e+00 
 3.50280000e-08  7.35274711e-09  1.80000000e+00 
 3.51280000e-08  7.35274711e-09  1.80000000e+00 
 3.52280000e-08  7.35274711e-09  1.80000000e+00 
 3.53280000e-08  7.35274711e-09  1.80000000e+00 
 3.54280000e-08  7.35274711e-09  1.80000000e+00 
 3.55280000e-08  7.35274711e-09  1.80000000e+00 
 3.56280000e-08  7.35274711e-09  1.80000000e+00 
 3.57280000e-08  7.35274711e-09  1.80000000e+00 
 3.58280000e-08  7.35274711e-09  1.80000000e+00 
 3.59280000e-08  7.35274711e-09  1.80000000e+00 
 3.60280000e-08  7.35274711e-09  1.80000000e+00 
 3.61280000e-08  7.35274711e-09  1.80000000e+00 
 3.62280000e-08  7.35274711e-09  1.80000000e+00 
 3.63280000e-08  7.35274711e-09  1.80000000e+00 
 3.64280000e-08  7.35274711e-09  1.80000000e+00 
 3.65280000e-08  7.35274711e-09  1.80000000e+00 
 3.66280000e-08  7.35274711e-09  1.80000000e+00 
 3.67280000e-08  7.35274711e-09  1.80000000e+00 
 3.68280000e-08  7.35274711e-09  1.80000000e+00 
 3.69280000e-08  7.35274711e-09  1.80000000e+00 
 3.70280000e-08  7.35274711e-09  1.80000000e+00 
 3.71280000e-08  7.35274711e-09  1.80000000e+00 
 3.72280000e-08  7.35274711e-09  1.80000000e+00 
 3.73280000e-08  7.35274711e-09  1.80000000e+00 
 3.74280000e-08  7.35274711e-09  1.80000000e+00 
 3.75280000e-08  7.35274711e-09  1.80000000e+00 
 3.76280000e-08  7.35274711e-09  1.80000000e+00 
 3.77280000e-08  7.35274711e-09  1.80000000e+00 
 3.78280000e-08  7.35274711e-09  1.80000000e+00 
 3.79280000e-08  7.35274711e-09  1.80000000e+00 
 3.80280000e-08  7.35274711e-09  1.80000000e+00 
 3.81280000e-08  7.35274711e-09  1.80000000e+00 
 3.82280000e-08  7.35274711e-09  1.80000000e+00 
 3.83280000e-08  7.35274711e-09  1.80000000e+00 
 3.84280000e-08  7.35274711e-09  1.80000000e+00 
 3.85280000e-08  7.35274711e-09  1.80000000e+00 
 3.86280000e-08  7.35274711e-09  1.80000000e+00 
 3.87280000e-08  7.35274711e-09  1.80000000e+00 
 3.88280000e-08  7.35274711e-09  1.80000000e+00 
 3.89280000e-08  7.35274711e-09  1.80000000e+00 
 3.90280000e-08  7.35274711e-09  1.80000000e+00 
 3.91280000e-08  7.35274711e-09  1.80000000e+00 
 3.92280000e-08  7.35274711e-09  1.80000000e+00 
 3.93280000e-08  7.35274711e-09  1.80000000e+00 
 3.94280000e-08  7.35274711e-09  1.80000000e+00 
 3.95280000e-08  7.35274711e-09  1.80000000e+00 
 3.96280000e-08  7.35274711e-09  1.80000000e+00 
 3.97280000e-08  7.35274711e-09  1.80000000e+00 
 3.98280000e-08  7.35274711e-09  1.80000000e+00 
 3.99280000e-08  7.35274711e-09  1.80000000e+00 
 4.00280000e-08  7.35274711e-09  1.80000000e+00 
 4.01280000e-08  7.35274711e-09  1.80000000e+00 
 4.02280000e-08  7.35274711e-09  1.80000000e+00 
 4.03280000e-08  7.35274711e-09  1.80000000e+00 
 4.04280000e-08  7.35274711e-09  1.80000000e+00 
 4.05280000e-08  7.35274711e-09  1.80000000e+00 
 4.06280000e-08  7.35274711e-09  1.80000000e+00 
 4.07280000e-08  7.35274711e-09  1.80000000e+00 
 4.08280000e-08  7.35274711e-09  1.80000000e+00 
 4.09280000e-08  7.35274711e-09  1.80000000e+00 
 4.10280000e-08  7.35274711e-09  1.80000000e+00 
 4.11280000e-08  7.35274711e-09  1.80000000e+00 
 4.12280000e-08  7.35274711e-09  1.80000000e+00 
 4.13280000e-08  7.35274711e-09  1.80000000e+00 
 4.14280000e-08  7.35274711e-09  1.80000000e+00 
 4.15280000e-08  7.35274711e-09  1.80000000e+00 
 4.16280000e-08  7.35274711e-09  1.80000000e+00 
 4.17280000e-08  7.35274711e-09  1.80000000e+00 
 4.18280000e-08  7.35274711e-09  1.80000000e+00 
 4.19280000e-08  7.35274711e-09  1.80000000e+00 
 4.20280000e-08  7.35274711e-09  1.80000000e+00 
 4.21280000e-08  7.35274711e-09  1.80000000e+00 
 4.22280000e-08  7.35274711e-09  1.80000000e+00 
 4.23280000e-08  7.35274711e-09  1.80000000e+00 
 4.24280000e-08  7.35274711e-09  1.80000000e+00 
 4.25280000e-08  7.35274711e-09  1.80000000e+00 
 4.26280000e-08  7.35274711e-09  1.80000000e+00 
 4.27280000e-08  7.35274711e-09  1.80000000e+00 
 4.28280000e-08  7.35274711e-09  1.80000000e+00 
 4.29280000e-08  7.35274711e-09  1.80000000e+00 
 4.30280000e-08  7.35274711e-09  1.80000000e+00 
 4.31280000e-08  7.35274711e-09  1.80000000e+00 
 4.32280000e-08  7.35274711e-09  1.80000000e+00 
 4.33280000e-08  7.35274711e-09  1.80000000e+00 
 4.34280000e-08  7.35274711e-09  1.80000000e+00 
 4.35280000e-08  7.35274711e-09  1.80000000e+00 
 4.36280000e-08  7.35274711e-09  1.80000000e+00 
 4.37280000e-08  7.35274711e-09  1.80000000e+00 
 4.38280000e-08  7.35274711e-09  1.80000000e+00 
 4.39280000e-08  7.35274711e-09  1.80000000e+00 
 4.40280000e-08  7.35274711e-09  1.80000000e+00 
 4.41280000e-08  7.35274711e-09  1.80000000e+00 
 4.42280000e-08  7.35274711e-09  1.80000000e+00 
 4.43280000e-08  7.35274711e-09  1.80000000e+00 
 4.44280000e-08  7.35274711e-09  1.80000000e+00 
 4.45280000e-08  7.35274711e-09  1.80000000e+00 
 4.46280000e-08  7.35274711e-09  1.80000000e+00 
 4.47280000e-08  7.35274711e-09  1.80000000e+00 
 4.48280000e-08  7.35274711e-09  1.80000000e+00 
 4.49280000e-08  7.35274711e-09  1.80000000e+00 
 4.50280000e-08  7.35274711e-09  1.80000000e+00 
 4.51280000e-08  7.35274711e-09  1.80000000e+00 
 4.52280000e-08  7.35274711e-09  1.80000000e+00 
 4.53280000e-08  7.35274711e-09  1.80000000e+00 
 4.54280000e-08  7.35274711e-09  1.80000000e+00 
 4.55280000e-08  7.35274711e-09  1.80000000e+00 
 4.56280000e-08  7.35274711e-09  1.80000000e+00 
 4.57280000e-08  7.35274711e-09  1.80000000e+00 
 4.58280000e-08  7.35274711e-09  1.80000000e+00 
 4.59280000e-08  7.35274711e-09  1.80000000e+00 
 4.60280000e-08  7.35274711e-09  1.80000000e+00 
 4.61280000e-08  7.35274711e-09  1.80000000e+00 
 4.62280000e-08  7.35274711e-09  1.80000000e+00 
 4.63280000e-08  7.35274711e-09  1.80000000e+00 
 4.64280000e-08  7.35274711e-09  1.80000000e+00 
 4.65280000e-08  7.35274711e-09  1.80000000e+00 
 4.66280000e-08  7.35274711e-09  1.80000000e+00 
 4.67280000e-08  7.35274711e-09  1.80000000e+00 
 4.68280000e-08  7.35274711e-09  1.80000000e+00 
 4.69280000e-08  7.35274711e-09  1.80000000e+00 
 4.70280000e-08  7.35274711e-09  1.80000000e+00 
 4.71280000e-08  7.35274711e-09  1.80000000e+00 
 4.72280000e-08  7.35274711e-09  1.80000000e+00 
 4.73280000e-08  7.35274711e-09  1.80000000e+00 
 4.74280000e-08  7.35274711e-09  1.80000000e+00 
 4.75280000e-08  7.35274711e-09  1.80000000e+00 
 4.76280000e-08  7.35274711e-09  1.80000000e+00 
 4.77280000e-08  7.35274711e-09  1.80000000e+00 
 4.78280000e-08  7.35274711e-09  1.80000000e+00 
 4.79280000e-08  7.35274711e-09  1.80000000e+00 
 4.80280000e-08  7.35274711e-09  1.80000000e+00 
 4.81280000e-08  7.35274711e-09  1.80000000e+00 
 4.82280000e-08  7.35274711e-09  1.80000000e+00 
 4.83280000e-08  7.35274711e-09  1.80000000e+00 
 4.84280000e-08  7.35274711e-09  1.80000000e+00 
 4.85280000e-08  7.35274711e-09  1.80000000e+00 
 4.86280000e-08  7.35274711e-09  1.80000000e+00 
 4.87280000e-08  7.35274711e-09  1.80000000e+00 
 4.88280000e-08  7.35274711e-09  1.80000000e+00 
 4.89280000e-08  7.35274711e-09  1.80000000e+00 
 4.90280000e-08  7.35274711e-09  1.80000000e+00 
 4.91280000e-08  7.35274711e-09  1.80000000e+00 
 4.92280000e-08  7.35274711e-09  1.80000000e+00 
 4.93280000e-08  7.35274711e-09  1.80000000e+00 
 4.94280000e-08  7.35274711e-09  1.80000000e+00 
 4.95280000e-08  7.35274711e-09  1.80000000e+00 
 4.96280000e-08  7.35274711e-09  1.80000000e+00 
 4.97280000e-08  7.35274711e-09  1.80000000e+00 
 4.98280000e-08  7.35274711e-09  1.80000000e+00 
 4.99280000e-08  7.35274711e-09  1.80000000e+00 
 5.00000000e-08  7.35274711e-09  1.80000000e+00 
