 0.00000000e+00  0.00000000e+00  1.80000014e+00 
 1.00000000e-02  1.00000000e-02  1.80008740e+00 
 2.00000000e-02  2.00000000e-02  1.80007868e+00 
 3.00000000e-02  3.00000000e-02  1.80000061e+00 
 4.00000000e-02  4.00000000e-02  1.79999996e+00 
 5.00000000e-02  5.00000000e-02  1.79999995e+00 
 6.00000000e-02  6.00000000e-02  1.79999993e+00 
 7.00000000e-02  7.00000000e-02  1.79999991e+00 
 8.00000000e-02  8.00000000e-02  1.79999989e+00 
 9.00000000e-02  9.00000000e-02  1.79999986e+00 
 1.00000000e-01  1.00000000e-01  1.79999982e+00 
 1.10000000e-01  1.10000000e-01  1.79999976e+00 
 1.20000000e-01  1.20000000e-01  1.79999967e+00 
 1.30000000e-01  1.30000000e-01  1.79999957e+00 
 1.40000000e-01  1.40000000e-01  1.79999943e+00 
 1.50000000e-01  1.50000000e-01  1.79999925e+00 
 1.60000000e-01  1.60000000e-01  1.79999900e+00 
 1.70000000e-01  1.70000000e-01  1.79999867e+00 
 1.80000000e-01  1.80000000e-01  1.79999823e+00 
 1.90000000e-01  1.90000000e-01  1.79999765e+00 
 2.00000000e-01  2.00000000e-01  1.79999687e+00 
 2.10000000e-01  2.10000000e-01  1.79999583e+00 
 2.20000000e-01  2.20000000e-01  1.79999445e+00 
 2.30000000e-01  2.30000000e-01  1.79999261e+00 
 2.40000000e-01  2.40000000e-01  1.79999017e+00 
 2.50000000e-01  2.50000000e-01  1.79998693e+00 
 2.60000000e-01  2.60000000e-01  1.79998263e+00 
 2.70000000e-01  2.70000000e-01  1.79997694e+00 
 2.80000000e-01  2.80000000e-01  1.79996940e+00 
 2.90000000e-01  2.90000000e-01  1.79995944e+00 
 3.00000000e-01  3.00000000e-01  1.79994630e+00 
 3.10000000e-01  3.10000000e-01  1.79992900e+00 
 3.20000000e-01  3.20000000e-01  1.79990627e+00 
 3.30000000e-01  3.30000000e-01  1.79987649e+00 
 3.40000000e-01  3.40000000e-01  1.79983758e+00 
 3.50000000e-01  3.50000000e-01  1.79978689e+00 
 3.60000000e-01  3.60000000e-01  1.79972108e+00 
 3.70000000e-01  3.70000000e-01  1.79963597e+00 
 3.80000000e-01  3.80000000e-01  1.79952632e+00 
 3.90000000e-01  3.90000000e-01  1.79938569e+00 
 4.00000000e-01  4.00000000e-01  1.79920614e+00 
 4.10000000e-01  4.10000000e-01  1.79897804e+00 
 4.20000000e-01  4.20000000e-01  1.79868974e+00 
 4.30000000e-01  4.30000000e-01  1.79832733e+00 
 4.40000000e-01  4.40000000e-01  1.79787429e+00 
 4.50000000e-01  4.50000000e-01  1.79731127e+00 
 4.60000000e-01  4.60000000e-01  1.79661574e+00 
 4.70000000e-01  4.70000000e-01  1.79576183e+00 
 4.80000000e-01  4.80000000e-01  1.79472009e+00 
 4.90000000e-01  4.90000000e-01  1.79345736e+00 
 5.00000000e-01  5.00000000e-01  1.79193670e+00 
 5.10000000e-01  5.10000000e-01  1.79011728e+00 
 5.20000000e-01  5.20000000e-01  1.78795427e+00 
 5.30000000e-01  5.30000000e-01  1.78539866e+00 
 5.40000000e-01  5.40000000e-01  1.78239681e+00 
 5.50000000e-01  5.50000000e-01  1.77888982e+00 
 5.60000000e-01  5.60000000e-01  1.77481247e+00 
 5.70000000e-01  5.70000000e-01  1.77009154e+00 
 5.80000000e-01  5.80000000e-01  1.76464345e+00 
 5.90000000e-01  5.90000000e-01  1.75837080e+00 
 6.00000000e-01  6.00000000e-01  1.75115730e+00 
 6.10000000e-01  6.10000000e-01  1.74286033e+00 
 6.20000000e-01  6.20000000e-01  1.73329958e+00 
 6.30000000e-01  6.30000000e-01  1.72223911e+00 
 6.40000000e-01  6.40000000e-01  1.70935742e+00 
 6.50000000e-01  6.50000000e-01  1.69419394e+00 
 6.60000000e-01  6.60000000e-01  1.67604465e+00 
 6.70000000e-01  6.70000000e-01  1.65373149e+00 
 6.80000000e-01  6.80000000e-01  1.62499411e+00 
 6.90000000e-01  6.90000000e-01  1.58435948e+00 
 7.00000000e-01  7.00000000e-01  1.50841572e+00 
 7.10000000e-01  7.10000000e-01  1.30776086e+00 
 7.20000000e-01  7.20000000e-01  1.03726655e+00 
 7.30000000e-01  7.30000000e-01  7.54609608e-01 
 7.40000000e-01  7.40000000e-01  4.82637244e-01 
 7.50000000e-01  7.50000000e-01  2.70883524e-01 
 7.60000000e-01  7.60000000e-01  1.77040566e-01 
 7.70000000e-01  7.70000000e-01  1.36441029e-01 
 7.80000000e-01  7.80000000e-01  1.11374059e-01 
 7.90000000e-01  7.90000000e-01  9.34881494e-02 
 8.00000000e-01  8.00000000e-01  7.95629287e-02 
 8.10000000e-01  8.10000000e-01  6.82869531e-02 
 8.20000000e-01  8.20000000e-01  5.89153274e-02 
 8.30000000e-01  8.30000000e-01  5.09869609e-02 
 8.40000000e-01  8.40000000e-01  4.41953089e-02 
 8.50000000e-01  8.50000000e-01  3.83253006e-02 
 8.60000000e-01  8.60000000e-01  3.32196259e-02 
 8.70000000e-01  8.70000000e-01  2.87593213e-02 
 8.80000000e-01  8.80000000e-01  2.48518983e-02 
 8.90000000e-01  8.90000000e-01  2.14237202e-02 
 9.00000000e-01  9.00000000e-01  1.84149048e-02 
 9.10000000e-01  9.10000000e-01  1.57758010e-02 
 9.20000000e-01  9.20000000e-01  1.34644871e-02 
 9.30000000e-01  9.30000000e-01  1.14449569e-02 
 9.40000000e-01  9.40000000e-01  9.68578511e-03 
 9.50000000e-01  9.50000000e-01  8.15914840e-03 
 9.60000000e-01  9.60000000e-01  6.84020210e-03 
 9.70000000e-01  9.70000000e-01  5.70627941e-03 
 9.80000000e-01  9.80000000e-01  4.73661034e-03 
 9.90000000e-01  9.90000000e-01  3.91211483e-03 
 1.00000000e+00  1.00000000e+00  3.21522884e-03 
 1.01000000e+00  1.01000000e+00  2.62979910e-03 
 1.02000000e+00  1.02000000e+00  2.14102538e-03 
 1.03000000e+00  1.03000000e+00  1.73543149e-03 
 1.04000000e+00  1.04000000e+00  1.40084853e-03 
 1.05000000e+00  1.05000000e+00  1.12639681e-03 
 1.06000000e+00  1.06000000e+00  9.02456362e-04 
 1.07000000e+00  1.07000000e+00  7.20620136e-04 
 1.08000000e+00  1.08000000e+00  5.73627626e-04 
 1.09000000e+00  1.09000000e+00  4.55280553e-04 
 1.10000000e+00  1.10000000e+00  3.60344612e-04 
 1.11000000e+00  1.11000000e+00  2.84442904e-04 
 1.12000000e+00  1.12000000e+00  2.23947002e-04 
 1.13000000e+00  1.13000000e+00  1.75871009e-04 
 1.14000000e+00  1.14000000e+00  1.37772735e-04 
 1.15000000e+00  1.15000000e+00  1.07664658e-04 
 1.16000000e+00  1.16000000e+00  8.39359291e-05 
 1.17000000e+00  1.17000000e+00  6.52855495e-05 
 1.18000000e+00  1.18000000e+00  5.06660557e-05 
 1.19000000e+00  1.19000000e+00  3.92366232e-05 
 1.20000000e+00  1.20000000e+00  3.03243135e-05 
 1.21000000e+00  1.21000000e+00  2.33922067e-05 
 1.22000000e+00  1.22000000e+00  1.80132782e-05 
 1.23000000e+00  1.23000000e+00  1.38490278e-05 
 1.24000000e+00  1.24000000e+00  1.06320341e-05 
 1.25000000e+00  1.25000000e+00  8.15174422e-06 
 1.26000000e+00  1.26000000e+00  6.24293423e-06 
 1.27000000e+00  1.27000000e+00  4.77637068e-06 
 1.28000000e+00  1.28000000e+00  3.65128367e-06 
 1.29000000e+00  1.29000000e+00  2.78932708e-06 
 1.30000000e+00  1.30000000e+00  2.12975420e-06 
 1.31000000e+00  1.31000000e+00  1.62558218e-06 
 1.32000000e+00  1.32000000e+00  1.24055644e-06 
 1.33000000e+00  1.33000000e+00  9.46758827e-07 
 1.34000000e+00  1.34000000e+00  7.22730650e-07 
 1.35000000e+00  1.35000000e+00  5.52005507e-07 
 1.36000000e+00  1.36000000e+00  4.21966438e-07 
 1.37000000e+00  1.37000000e+00  3.22958561e-07 
 1.38000000e+00  1.38000000e+00  2.47602078e-07 
 1.39000000e+00  1.39000000e+00  1.90261776e-07 
 1.40000000e+00  1.40000000e+00  1.46638318e-07 
 1.41000000e+00  1.41000000e+00  1.08708683e-07 
 1.42000000e+00  1.42000000e+00  8.46436752e-08 
 1.43000000e+00  1.43000000e+00  6.62953077e-08 
 1.44000000e+00  1.44000000e+00  5.23364407e-08 
 1.45000000e+00  1.45000000e+00  4.17139772e-08 
 1.46000000e+00  1.46000000e+00  3.36274801e-08 
 1.47000000e+00  1.47000000e+00  2.74684057e-08 
 1.48000000e+00  1.48000000e+00  2.27741912e-08 
 1.49000000e+00  1.49000000e+00  1.91932903e-08 
 1.50000000e+00  1.50000000e+00  1.64585587e-08 
 1.51000000e+00  1.51000000e+00  1.43670072e-08 
 1.52000000e+00  1.52000000e+00  1.27644029e-08 
 1.53000000e+00  1.53000000e+00  1.15335620e-08 
 1.54000000e+00  1.54000000e+00  1.05854495e-08 
 1.55000000e+00  1.55000000e+00  9.85241739e-09 
 1.56000000e+00  1.56000000e+00  9.28306426e-09 
 1.57000000e+00  1.57000000e+00  8.83833190e-09 
 1.58000000e+00  1.58000000e+00  8.48853814e-09 
 1.59000000e+00  1.59000000e+00  8.21112481e-09 
 1.60000000e+00  1.60000000e+00  7.98894443e-09 
 1.61000000e+00  1.61000000e+00  7.80896139e-09 
 1.62000000e+00  1.62000000e+00  7.66126386e-09 
 1.63000000e+00  1.63000000e+00  7.53831321e-09 
 1.64000000e+00  1.64000000e+00  7.43437458e-09 
 1.65000000e+00  1.65000000e+00  7.34508362e-09 
 1.66000000e+00  1.66000000e+00  7.26711778e-09 
 1.67000000e+00  1.67000000e+00  7.19794621e-09 
 1.68000000e+00  1.68000000e+00  7.13564018e-09 
 1.69000000e+00  1.69000000e+00  7.07872843e-09 
 1.70000000e+00  1.70000000e+00  7.02608781e-09 
 1.71000000e+00  1.71000000e+00  6.97686024e-09 
 1.72000000e+00  1.72000000e+00  6.93038842e-09 
 1.73000000e+00  1.73000000e+00  6.88616858e-09 
 1.74000000e+00  1.74000000e+00  6.84381402e-09 
 1.75000000e+00  1.75000000e+00  6.80302616e-09 
 1.76000000e+00  1.76000000e+00  6.76357469e-09 
 1.77000000e+00  1.77000000e+00  6.72528056e-09 
 1.78000000e+00  1.78000000e+00  6.68800427e-09 
 1.79000000e+00  1.79000000e+00  6.65163622e-09 
 1.80000000e+00  1.80000000e+00  6.61608978e-09 
