 0.00000000e+00  0.00000000e+00 -1.21668307e-13 
 1.00000000e-02  1.00000000e-02  7.87821886e-15 
 2.00000000e-02  2.00000000e-02 -6.62977500e-16 
 3.00000000e-02  3.00000000e-02  6.89341733e-17 
 4.00000000e-02  4.00000000e-02 -5.25915959e-18 
 5.00000000e-02  5.00000000e-02  2.47732504e-18 
 6.00000000e-02  6.00000000e-02 -2.34758124e-35 
 7.00000000e-02  7.00000000e-02 -7.35047701e-52 
 8.00000000e-02  8.00000000e-02 -2.13494525e-68 
 9.00000000e-02  9.00000000e-02 -4.86863834e-85 
 1.00000000e-01  1.00000000e-01 -6.31376534e-103 
 1.10000000e-01  1.10000000e-01  1.01896751e-117 
 1.20000000e-01  1.20000000e-01  1.01054920e-133 
 1.30000000e-01  1.30000000e-01  7.59049122e-150 
 1.40000000e-01  1.40000000e-01  5.13943752e-166 
 1.50000000e-01  1.50000000e-01  3.30450445e-182 
 1.60000000e-01  1.60000000e-01  2.06265364e-198 
 1.70000000e-01  1.70000000e-01  1.26389176e-214 
 1.80000000e-01  1.80000000e-01  7.65046122e-231 
 1.90000000e-01  1.90000000e-01  4.59221704e-247 
 2.00000000e-01  2.00000000e-01  2.74021585e-263 
 2.10000000e-01  2.10000000e-01  1.62816995e-279 
 2.20000000e-01  2.20000000e-01  9.64434992e-296 
 2.30000000e-01  2.30000000e-01  5.69254585e-312 
 2.40000000e-01  2.40000000e-01  0.00000000e+00 
 2.50000000e-01  2.50000000e-01  0.00000000e+00 
 2.60000000e-01  2.60000000e-01  0.00000000e+00 
 2.70000000e-01  2.70000000e-01  0.00000000e+00 
 2.80000000e-01  2.80000000e-01  0.00000000e+00 
 2.90000000e-01  2.90000000e-01  0.00000000e+00 
 3.00000000e-01  3.00000000e-01  0.00000000e+00 
 3.10000000e-01  3.10000000e-01  0.00000000e+00 
 3.20000000e-01  3.20000000e-01  0.00000000e+00 
 3.30000000e-01  3.30000000e-01  0.00000000e+00 
 3.40000000e-01  3.40000000e-01  0.00000000e+00 
 3.50000000e-01  3.50000000e-01  0.00000000e+00 
 3.60000000e-01  3.60000000e-01  0.00000000e+00 
 3.70000000e-01  3.70000000e-01  0.00000000e+00 
 3.80000000e-01  3.80000000e-01  0.00000000e+00 
 3.90000000e-01  3.90000000e-01  0.00000000e+00 
 4.00000000e-01  4.00000000e-01  0.00000000e+00 
 4.10000000e-01  4.10000000e-01  0.00000000e+00 
 4.20000000e-01  4.20000000e-01  0.00000000e+00 
 4.30000000e-01  4.30000000e-01  0.00000000e+00 
 4.40000000e-01  4.40000000e-01  0.00000000e+00 
 4.50000000e-01  4.50000000e-01  0.00000000e+00 
 4.60000000e-01  4.60000000e-01  0.00000000e+00 
 4.70000000e-01  4.70000000e-01  0.00000000e+00 
 4.80000000e-01  4.80000000e-01  0.00000000e+00 
 4.90000000e-01  4.90000000e-01  0.00000000e+00 
 5.00000000e-01  5.00000000e-01  0.00000000e+00 
 5.10000000e-01  5.10000000e-01  0.00000000e+00 
 5.20000000e-01  5.20000000e-01  0.00000000e+00 
 5.30000000e-01  5.30000000e-01  0.00000000e+00 
 5.40000000e-01  5.40000000e-01  0.00000000e+00 
 5.50000000e-01  5.50000000e-01  0.00000000e+00 
 5.60000000e-01  5.60000000e-01  0.00000000e+00 
 5.70000000e-01  5.70000000e-01  0.00000000e+00 
 5.80000000e-01  5.80000000e-01  0.00000000e+00 
 5.90000000e-01  5.90000000e-01  0.00000000e+00 
 6.00000000e-01  6.00000000e-01  0.00000000e+00 
 6.10000000e-01  6.10000000e-01  0.00000000e+00 
 6.20000000e-01  6.20000000e-01  0.00000000e+00 
 6.30000000e-01  6.30000000e-01  0.00000000e+00 
 6.40000000e-01  6.40000000e-01  0.00000000e+00 
 6.50000000e-01  6.50000000e-01  0.00000000e+00 
 6.60000000e-01  6.60000000e-01  0.00000000e+00 
 6.70000000e-01  6.70000000e-01  0.00000000e+00 
 6.80000000e-01  6.80000000e-01  0.00000000e+00 
 6.90000000e-01  6.90000000e-01  0.00000000e+00 
 7.00000000e-01  7.00000000e-01  0.00000000e+00 
 7.10000000e-01  7.10000000e-01  0.00000000e+00 
 7.20000000e-01  7.20000000e-01  0.00000000e+00 
 7.30000000e-01  7.30000000e-01  0.00000000e+00 
 7.40000000e-01  7.40000000e-01  0.00000000e+00 
 7.50000000e-01  7.50000000e-01  0.00000000e+00 
 7.60000000e-01  7.60000000e-01  0.00000000e+00 
 7.70000000e-01  7.70000000e-01  0.00000000e+00 
 7.80000000e-01  7.80000000e-01  0.00000000e+00 
 7.90000000e-01  7.90000000e-01  0.00000000e+00 
 8.00000000e-01  8.00000000e-01  0.00000000e+00 
 8.10000000e-01  8.10000000e-01  0.00000000e+00 
 8.20000000e-01  8.20000000e-01  0.00000000e+00 
 8.30000000e-01  8.30000000e-01  0.00000000e+00 
 8.40000000e-01  8.40000000e-01  0.00000000e+00 
 8.50000000e-01  8.50000000e-01  0.00000000e+00 
 8.60000000e-01  8.60000000e-01  0.00000000e+00 
 8.70000000e-01  8.70000000e-01  0.00000000e+00 
 8.80000000e-01  8.80000000e-01  0.00000000e+00 
 8.90000000e-01  8.90000000e-01  0.00000000e+00 
 9.00000000e-01  9.00000000e-01  0.00000000e+00 
 9.10000000e-01  9.10000000e-01  0.00000000e+00 
 9.20000000e-01  9.20000000e-01  0.00000000e+00 
 9.30000000e-01  9.30000000e-01  0.00000000e+00 
 9.40000000e-01  9.40000000e-01  0.00000000e+00 
 9.50000000e-01  9.50000000e-01  0.00000000e+00 
 9.60000000e-01  9.60000000e-01  0.00000000e+00 
 9.70000000e-01  9.70000000e-01  0.00000000e+00 
 9.80000000e-01  9.80000000e-01  0.00000000e+00 
 9.90000000e-01  9.90000000e-01  0.00000000e+00 
 1.00000000e+00  1.00000000e+00  0.00000000e+00 
 1.01000000e+00  1.01000000e+00  0.00000000e+00 
 1.02000000e+00  1.02000000e+00  0.00000000e+00 
 1.03000000e+00  1.03000000e+00  0.00000000e+00 
 1.04000000e+00  1.04000000e+00  0.00000000e+00 
 1.05000000e+00  1.05000000e+00  0.00000000e+00 
 1.06000000e+00  1.06000000e+00  0.00000000e+00 
 1.07000000e+00  1.07000000e+00  0.00000000e+00 
 1.08000000e+00  1.08000000e+00  0.00000000e+00 
 1.09000000e+00  1.09000000e+00  0.00000000e+00 
 1.10000000e+00  1.10000000e+00  0.00000000e+00 
 1.11000000e+00  1.11000000e+00  0.00000000e+00 
 1.12000000e+00  1.12000000e+00  0.00000000e+00 
 1.13000000e+00  1.13000000e+00  0.00000000e+00 
 1.14000000e+00  1.14000000e+00  0.00000000e+00 
 1.15000000e+00  1.15000000e+00  0.00000000e+00 
 1.16000000e+00  1.16000000e+00  0.00000000e+00 
 1.17000000e+00  1.17000000e+00  0.00000000e+00 
 1.18000000e+00  1.18000000e+00  0.00000000e+00 
 1.19000000e+00  1.19000000e+00  0.00000000e+00 
 1.20000000e+00  1.20000000e+00  0.00000000e+00 
 1.21000000e+00  1.21000000e+00  0.00000000e+00 
 1.22000000e+00  1.22000000e+00  0.00000000e+00 
 1.23000000e+00  1.23000000e+00  0.00000000e+00 
 1.24000000e+00  1.24000000e+00  0.00000000e+00 
 1.25000000e+00  1.25000000e+00  0.00000000e+00 
 1.26000000e+00  1.26000000e+00  0.00000000e+00 
 1.27000000e+00  1.27000000e+00  0.00000000e+00 
 1.28000000e+00  1.28000000e+00  0.00000000e+00 
 1.29000000e+00  1.29000000e+00  0.00000000e+00 
 1.30000000e+00  1.30000000e+00  0.00000000e+00 
 1.31000000e+00  1.31000000e+00  0.00000000e+00 
 1.32000000e+00  1.32000000e+00  0.00000000e+00 
 1.33000000e+00  1.33000000e+00  0.00000000e+00 
 1.34000000e+00  1.34000000e+00  0.00000000e+00 
 1.35000000e+00  1.35000000e+00  0.00000000e+00 
 1.36000000e+00  1.36000000e+00  0.00000000e+00 
 1.37000000e+00  1.37000000e+00  0.00000000e+00 
 1.38000000e+00  1.38000000e+00  0.00000000e+00 
 1.39000000e+00  1.39000000e+00  0.00000000e+00 
 1.40000000e+00  1.40000000e+00  0.00000000e+00 
 1.41000000e+00  1.41000000e+00  0.00000000e+00 
 1.42000000e+00  1.42000000e+00  0.00000000e+00 
 1.43000000e+00  1.43000000e+00  0.00000000e+00 
 1.44000000e+00  1.44000000e+00  0.00000000e+00 
 1.45000000e+00  1.45000000e+00  0.00000000e+00 
 1.46000000e+00  1.46000000e+00  0.00000000e+00 
 1.47000000e+00  1.47000000e+00  0.00000000e+00 
 1.48000000e+00  1.48000000e+00  0.00000000e+00 
 1.49000000e+00  1.49000000e+00  0.00000000e+00 
 1.50000000e+00  1.50000000e+00  0.00000000e+00 
 1.51000000e+00  1.51000000e+00  0.00000000e+00 
 1.52000000e+00  1.52000000e+00  0.00000000e+00 
 1.53000000e+00  1.53000000e+00  0.00000000e+00 
 1.54000000e+00  1.54000000e+00  0.00000000e+00 
 1.55000000e+00  1.55000000e+00  0.00000000e+00 
 1.56000000e+00  1.56000000e+00  0.00000000e+00 
 1.57000000e+00  1.57000000e+00  0.00000000e+00 
 1.58000000e+00  1.58000000e+00  0.00000000e+00 
 1.59000000e+00  1.59000000e+00  0.00000000e+00 
 1.60000000e+00  1.60000000e+00  0.00000000e+00 
 1.61000000e+00  1.61000000e+00  0.00000000e+00 
 1.62000000e+00  1.62000000e+00  0.00000000e+00 
 1.63000000e+00  1.63000000e+00  0.00000000e+00 
 1.64000000e+00  1.64000000e+00  0.00000000e+00 
 1.65000000e+00  1.65000000e+00  0.00000000e+00 
 1.66000000e+00  1.66000000e+00  0.00000000e+00 
 1.67000000e+00  1.67000000e+00  0.00000000e+00 
 1.68000000e+00  1.68000000e+00  0.00000000e+00 
 1.69000000e+00  1.69000000e+00  0.00000000e+00 
 1.70000000e+00  1.70000000e+00  0.00000000e+00 
 1.71000000e+00  1.71000000e+00  0.00000000e+00 
 1.72000000e+00  1.72000000e+00  0.00000000e+00 
 1.73000000e+00  1.73000000e+00  0.00000000e+00 
 1.74000000e+00  1.74000000e+00  0.00000000e+00 
 1.75000000e+00  1.75000000e+00  0.00000000e+00 
 1.76000000e+00  1.76000000e+00  0.00000000e+00 
 1.77000000e+00  1.77000000e+00  0.00000000e+00 
 1.78000000e+00  1.78000000e+00  0.00000000e+00 
 1.79000000e+00  1.79000000e+00  0.00000000e+00 
 1.80000000e+00  1.80000000e+00  0.00000000e+00 
